<?xml version="1.0" encoding="utf-8"?>
<COLLADA xmlns="http://www.collada.org/2005/11/COLLADASchema" version="1.4.1">
  <asset>
    <contributor>
      <author>Mixamo</author>
      <authoring_tool>COLLADA Mixamo exporter</authoring_tool>
      <comments/>
    </contributor>
    <created>2022-08-25T00:12:59Z</created>
    <modified>2022-08-25T00:12:59Z</modified>
    <revision/>
    <title/>
    <unit meter="0.010000"/>
    <up_axis>Y_UP</up_axis>
  </asset>
  <library_animations>
    <animation id="mixamorig_Hips-anim" name="mixamorig_Hips">
      <source id="mixamorig_Hips-Matrix-animation-input">
        <float_array id="mixamorig_Hips-Matrix-animation-input-array" count="32">

0.000000 0.033333 0.066667 0.100000 0.133333 0.166667 0.200000 0.233333 0.266667 0.300000 0.333333 0.366667 0.400000 0.433333 0.466667 0.500000
0.533333 0.566667 0.600000 0.633333 0.666667 0.700000 0.733333 0.766667 0.800000 0.833333 0.866667 0.900000 0.933333 0.966667 1.000000 1.033333</float_array>
        <technique_common>
          <accessor source="#mixamorig_Hips-Matrix-animation-input-array" count="32">
            <param name="TIME" type="float"/>
          </accessor>
        </technique_common>
      </source>
      <source id="mixamorig_Hips-Matrix-animation-output-transform">
        <float_array id="mixamorig_Hips-Matrix-animation-output-transform-array" count="512">

0.756782 -0.146047 -0.637143 17.830208 -0.099073 0.937833 -0.332647 97.088409 0.646115 0.314865 0.695266 -2.009557 0.000000 0.000000 0.000000 1.000000
0.734435 -0.183138 -0.653503 18.006943 -0.077281 0.934074 -0.348617 99.001404 0.674265 0.306540 0.671863 -2.193738 0.000000 0.000000 0.000000 1.000000
0.707057 -0.207453 -0.676042 18.320354 -0.063424 0.933545 -0.352805 100.262512 0.704307 0.292330 0.646912 -2.558083 0.000000 0.000000 0.000000 1.000000
0.687448 -0.211694 -0.694695 18.638681 -0.063185 0.935511 -0.347603 100.722565 0.723480 0.282853 0.629739 -2.909384 0.000000 0.000000 0.000000 1.000000
0.683950 -0.206297 -0.699752 18.806236 -0.079217 0.932511 -0.352347 100.114578 0.725215 0.296420 0.621449 -3.017806 0.000000 0.000000 0.000000 1.000000
0.698239 -0.203861 -0.686224 18.833479 -0.103917 0.919576 -0.378921 98.366211 0.708282 0.335887 0.620899 -2.839584 0.000000 0.000000 0.000000 1.000000
0.719549 -0.204747 -0.663572 18.899559 -0.119923 0.904556 -0.409142 95.877403 0.684009 0.373975 0.626318 -2.420447 0.000000 0.000000 0.000000 1.000000
0.729565 -0.205359 -0.652352 19.151276 -0.118996 0.901188 -0.416773 93.273277 0.673480 0.381690 0.633038 -1.951582 0.000000 0.000000 0.000000 1.000000
0.724368 -0.200972 -0.659470 19.532373 -0.111569 0.909785 -0.399804 90.878906 0.680326 0.363182 0.636597 -1.478070 0.000000 0.000000 0.000000 1.000000
0.713274 -0.190513 -0.674496 19.894600 -0.107006 0.921467 -0.373428 88.972626 0.692669 0.338532 0.636872 -1.083570 0.000000 0.000000 0.000000 1.000000
0.703057 -0.175522 -0.689132 20.160633 -0.108034 0.931451 -0.347458 87.821922 0.702880 0.318733 0.635900 -0.874348 0.000000 0.000000 0.000000 1.000000
0.695755 -0.158310 -0.700616 20.295233 -0.112775 0.939235 -0.324221 87.502419 0.709371 0.304591 0.635624 -0.947314 0.000000 0.000000 0.000000 1.000000
0.694083 -0.140746 -0.706002 20.319715 -0.122612 0.943260 -0.308588 88.018410 0.709376 0.300750 0.637444 -1.044310 0.000000 0.000000 0.000000 1.000000
0.699010 -0.127576 -0.703640 20.378574 -0.136158 0.942214 -0.306094 89.375305 0.702030 0.309769 0.641247 -1.184487 0.000000 0.000000 0.000000 1.000000
0.707731 -0.122565 -0.695769 20.488279 -0.149202 0.936693 -0.316774 91.341988 0.690547 0.328001 0.644640 -1.514366 0.000000 0.000000 0.000000 1.000000
0.714374 -0.119968 -0.689404 20.625847 -0.164406 0.928843 -0.331995 93.525284 0.680177 0.350511 0.643818 -1.935694 0.000000 0.000000 0.000000 1.000000
0.709789 -0.118245 -0.694419 20.798529 -0.169768 0.928037 -0.331551 95.635101 0.683651 0.353222 0.638636 -2.401558 0.000000 0.000000 0.000000 1.000000
0.692295 -0.117873 -0.711922 20.953379 -0.160033 0.936924 -0.310747 97.813210 0.703645 0.329059 0.629764 -2.910397 0.000000 0.000000 0.000000 1.000000
0.678615 -0.116000 -0.725276 20.994320 -0.144899 0.946901 -0.287023 99.321960 0.720060 0.299870 0.625773 -3.048638 0.000000 0.000000 0.000000 1.000000
0.674681 -0.113493 -0.729332 20.888708 -0.122389 0.957228 -0.262175 99.765511 0.727892 0.266147 0.631933 -2.830283 0.000000 0.000000 0.000000 1.000000
0.690965 -0.109626 -0.714527 20.594568 -0.101717 0.963856 -0.246242 99.356445 0.715696 0.242824 0.654840 -2.734319 0.000000 0.000000 0.000000 1.000000
0.722204 -0.106281 -0.683466 20.112026 -0.082049 0.967984 -0.237224 97.871384 0.686796 0.227402 0.690362 -2.602471 0.000000 0.000000 0.000000 1.000000
0.746485 -0.109372 -0.656352 19.546230 -0.065639 0.969484 -0.236203 96.011452 0.662157 0.219404 0.716526 -2.244338 0.000000 0.000000 0.000000 1.000000
0.758703 -0.114599 -0.641277 19.069281 -0.067042 0.965442 -0.251847 94.168488 0.647978 0.234069 0.724801 -1.798688 0.000000 0.000000 0.000000 1.000000
0.760919 -0.114832 -0.638604 18.707407 -0.088828 0.956512 -0.277838 92.343964 0.642738 0.268138 0.717628 -1.256021 0.000000 0.000000 0.000000 1.000000
0.757537 -0.106148 -0.644105 18.427692 -0.121802 0.946379 -0.299216 90.624794 0.641329 0.305121 0.703988 -0.873696 0.000000 0.000000 0.000000 1.000000
0.756742 -0.089074 -0.647617 18.202906 -0.150633 0.940254 -0.305339 89.418556 0.636122 0.328615 0.698112 -1.086399 0.000000 0.000000 0.000000 1.000000
0.764299 -0.074580 -0.640534 18.009100 -0.159457 0.940587 -0.299784 89.186310 0.624836 0.331262 0.706997 -1.558237 0.000000 0.000000 0.000000 1.000000
0.773163 -0.073338 -0.629953 17.870956 -0.150490 0.943707 -0.294567 90.220840 0.616094 0.322550 0.718603 -1.862046 0.000000 0.000000 0.000000 1.000000
0.774960 -0.085161 -0.626247 17.821039 -0.137465 0.944445 -0.298540 92.227562 0.616880 0.317444 0.720200 -1.968982 0.000000 0.000000 0.000000 1.000000
0.769509 -0.110481 -0.629006 17.790134 -0.120560 0.942083 -0.312961 94.736099 0.627153 0.316660 0.711622 -1.966903 0.000000 0.000000 0.000000 1.000000
0.756785 -0.146060 -0.637137 17.832003 -0.099054 0.937834 -0.332648 97.087509 0.646115 0.314854 0.695271 -2.010439 0.000000 0.000000 0.000000 1.000000</float_array>
        <technique_common>
          <accessor source="#mixamorig_Hips-Matrix-animation-output-transform-array" count="32" stride="16">
            <param type="float4x4"/>
          </accessor>
        </technique_common>
      </source>
      <source id="mixamorig_Hips-Interpolations">
        <Name_array id="mixamorig_Hips-Interpolations-array" count="32">
 LINEAR LINEAR LINEAR LINEAR LINEAR LINEAR LINEAR LINEAR LINEAR LINEAR LINEAR
LINEAR LINEAR LINEAR LINEAR LINEAR LINEAR LINEAR LINEAR LINEAR LINEAR LINEAR LINEAR
LINEAR LINEAR LINEAR LINEAR LINEAR LINEAR LINEAR LINEAR LINEAR</Name_array>
        <technique_common>
          <accessor source="#mixamorig_Hips-Interpolations-array" count="32">
            <param type="name"/>
          </accessor>
        </technique_common>
      </source>
      <sampler id="mixamorig_Hips-Matrix-animation-transform">
        <input semantic="INPUT" source="#mixamorig_Hips-Matrix-animation-input"/>
        <input semantic="OUTPUT" source="#mixamorig_Hips-Matrix-animation-output-transform"/>
        <input semantic="INTERPOLATION" source="#mixamorig_Hips-Interpolations"/>
      </sampler>
      <channel source="#mixamorig_Hips-Matrix-animation-transform" target="mixamorig_Hips/matrix"/>
    </animation>
    <animation id="mixamorig_Spine-anim" name="mixamorig_Spine">
      <source id="mixamorig_Spine-Matrix-animation-input">
        <float_array id="mixamorig_Spine-Matrix-animation-input-array" count="32">

0.000000 0.033333 0.066667 0.100000 0.133333 0.166667 0.200000 0.233333 0.266667 0.300000 0.333333 0.366667 0.400000 0.433333 0.466667 0.500000
0.533333 0.566667 0.600000 0.633333 0.666667 0.700000 0.733333 0.766667 0.800000 0.833333 0.866667 0.900000 0.933333 0.966667 1.000000 1.033333</float_array>
        <technique_common>
          <accessor source="#mixamorig_Spine-Matrix-animation-input-array" count="32">
            <param name="TIME" type="float"/>
          </accessor>
        </technique_common>
      </source>
      <source id="mixamorig_Spine-Matrix-animation-output-transform">
        <float_array id="mixamorig_Spine-Matrix-animation-output-transform-array" count="512">

0.999583 -0.013109 -0.025748 0.000000 0.008654 0.986075 -0.166073 11.006600 0.027566 0.165781 0.985777 0.107900 0.000000 0.000000 0.000000 1.000000
0.999712 -0.001908 -0.023914 0.000000 -0.001976 0.986898 -0.161332 11.006600 0.023908 0.161332 0.986610 0.107900 0.000000 0.000000 0.000000 1.000000
0.999710 0.010053 -0.021869 0.000000 -0.013394 0.987281 -0.158419 11.006600 0.019998 0.158666 0.987130 0.107900 0.000000 0.000000 0.000000 1.000000
0.999677 0.015891 -0.019850 0.000000 -0.018817 0.987385 -0.157215 11.006600 0.017101 0.157538 0.987365 0.107900 0.000000 0.000000 0.000000 1.000000
0.999800 0.010834 -0.016810 -0.000000 -0.013286 0.988074 -0.153408 11.006600 0.014948 0.153601 0.988020 0.107900 0.000000 0.000000 0.000000 1.000000
0.999906 -0.003593 -0.013236 -0.000000 0.001646 0.989541 -0.144241 11.006600 0.013616 0.144205 0.989454 0.107900 0.000000 0.000000 0.000000 1.000000
0.999783 -0.017748 -0.010862 -0.000000 0.016132 0.990837 -0.134093 11.006600 0.013142 0.133889 0.990909 0.107900 0.000000 0.000000 0.000000 1.000000
0.999727 -0.020330 -0.011529 0.000000 0.018653 0.991271 -0.130516 11.006600 0.014082 0.130265 0.991379 0.107900 0.000000 0.000000 0.000000 1.000000
0.999845 -0.012531 -0.012335 -0.000000 0.010751 0.990785 -0.135020 11.006600 0.013913 0.134866 0.990766 0.107900 0.000000 0.000000 0.000000 1.000000
0.999927 -0.000467 -0.012080 -0.000000 -0.001274 0.989620 -0.143701 11.006600 0.012022 0.143706 0.989547 0.107900 0.000000 0.000000 0.000000 1.000000
0.999843 0.012464 -0.012583 -0.000000 -0.014247 0.988069 -0.153354 11.006600 0.010522 0.153509 0.988091 0.107900 0.000000 0.000000 0.000000 1.000000
0.999565 0.024955 -0.015711 -0.000000 -0.027169 0.986479 -0.161618 11.006600 0.011466 0.161975 0.986728 0.107900 0.000000 0.000000 0.000000 1.000000
0.999458 0.026829 -0.019057 -0.000000 -0.029648 0.985408 -0.167607 11.006600 0.014282 0.168081 0.985670 0.107900 0.000000 0.000000 0.000000 1.000000
0.999656 0.016944 -0.020044 -0.000000 -0.020104 0.985278 -0.169774 11.006600 0.016872 0.170119 0.985279 0.107900 0.000000 0.000000 0.000000 1.000000
0.999774 0.007981 -0.019708 -0.000000 -0.011171 0.985813 -0.167476 11.006600 0.018092 0.167658 0.985679 0.107900 0.000000 0.000000 0.000000 1.000000
0.999853 0.001109 -0.017099 -0.000000 -0.003867 0.986762 -0.162131 11.006600 0.016693 0.162173 0.986621 0.107900 0.000000 0.000000 0.000000 1.000000
0.999892 0.003253 -0.014324 -0.000000 -0.005513 0.986994 -0.160660 11.006600 0.013615 0.160722 0.986906 0.107900 0.000000 0.000000 0.000000 1.000000
0.999766 0.017083 -0.013239 0.000000 -0.019038 0.986068 -0.165248 11.006600 0.010232 0.165462 0.986163 0.107900 0.000000 0.000000 0.000000 1.000000
0.999485 0.029051 -0.013600 0.000000 -0.030952 0.984766 -0.171109 11.006600 0.008421 0.171442 0.985158 0.107900 0.000000 0.000000 0.000000 1.000000
0.999170 0.037159 -0.016714 -0.000000 -0.039545 0.983213 -0.178122 11.006600 0.009815 0.178635 0.983866 0.107900 0.000000 0.000000 0.000000 1.000000
0.999022 0.038010 -0.022580 -0.000000 -0.041506 0.982259 -0.182876 11.006600 0.015228 0.183635 0.982877 0.107900 0.000000 0.000000 0.000000 1.000000
0.998863 0.034663 -0.032729 0.000000 -0.040089 0.982263 -0.183173 11.006600 0.025799 0.184277 0.982536 0.107900 0.000000 0.000000 0.000000 1.000000
0.998556 0.032939 -0.042442 -0.000000 -0.040096 0.982729 -0.180652 11.006600 0.035759 0.182093 0.982631 0.107900 0.000000 0.000000 0.000000 1.000000
0.998649 0.026318 -0.044801 0.000000 -0.033824 0.983801 -0.176045 11.006600 0.039442 0.177323 0.983362 0.107900 0.000000 0.000000 0.000000 1.000000
0.998996 0.014504 -0.042396 -0.000000 -0.021486 0.985351 -0.169181 11.006600 0.039321 0.169922 0.984673 0.107900 0.000000 0.000000 0.000000 1.000000
0.999264 0.001153 -0.038331 -0.000000 -0.007396 0.986574 -0.163149 11.006600 0.037628 0.163313 0.985857 0.107900 0.000000 0.000000 0.000000 1.000000
0.999364 -0.014232 -0.032699 0.000000 0.008757 0.986778 -0.161842 11.006600 0.034570 0.161453 0.986275 0.107900 0.000000 0.000000 0.000000 1.000000
0.999196 -0.027514 -0.029176 -0.000000 0.022328 0.986016 -0.165149 11.006600 0.033312 0.164365 0.985837 0.107900 0.000000 0.000000 0.000000 1.000000
0.999094 -0.031804 -0.028271 -0.000000 0.026567 0.985186 -0.169419 11.006600 0.033240 0.168515 0.985138 0.107900 0.000000 0.000000 0.000000 1.000000
0.999208 -0.028770 -0.027493 -0.000000 0.023650 0.984958 -0.171170 11.006600 0.032004 0.170385 0.984858 0.107900 0.000000 0.000000 0.000000 1.000000
0.999411 -0.021313 -0.026909 -0.000000 0.016437 0.985317 -0.169943 11.006600 0.030136 0.169401 0.985086 0.107900 0.000000 0.000000 0.000000 1.000000
0.999582 -0.013094 -0.025759 0.000000 0.008637 0.986076 -0.166073 11.006600 0.027575 0.165781 0.985777 0.107900 0.000000 0.000000 0.000000 1.000000</float_array>
        <technique_common>
          <accessor source="#mixamorig_Spine-Matrix-animation-output-transform-array" count="32" stride="16">
            <param type="float4x4"/>
          </accessor>
        </technique_common>
      </source>
      <source id="mixamorig_Spine-Interpolations">
        <Name_array id="mixamorig_Spine-Interpolations-array" count="32">
 LINEAR LINEAR LINEAR LINEAR LINEAR LINEAR LINEAR LINEAR LINEAR LINEAR LINEAR
LINEAR LINEAR LINEAR LINEAR LINEAR LINEAR LINEAR LINEAR LINEAR LINEAR LINEAR LINEAR
LINEAR LINEAR LINEAR LINEAR LINEAR LINEAR LINEAR LINEAR LINEAR</Name_array>
        <technique_common>
          <accessor source="#mixamorig_Spine-Interpolations-array" count="32">
            <param type="name"/>
          </accessor>
        </technique_common>
      </source>
      <sampler id="mixamorig_Spine-Matrix-animation-transform">
        <input semantic="INPUT" source="#mixamorig_Spine-Matrix-animation-input"/>
        <input semantic="OUTPUT" source="#mixamorig_Spine-Matrix-animation-output-transform"/>
        <input semantic="INTERPOLATION" source="#mixamorig_Spine-Interpolations"/>
      </sampler>
      <channel source="#mixamorig_Spine-Matrix-animation-transform" target="mixamorig_Spine/matrix"/>
    </animation>
    <animation id="mixamorig_Spine1-anim" name="mixamorig_Spine1">
      <source id="mixamorig_Spine1-Matrix-animation-input">
        <float_array id="mixamorig_Spine1-Matrix-animation-input-array" count="32">

0.000000 0.033333 0.066667 0.100000 0.133333 0.166667 0.200000 0.233333 0.266667 0.300000 0.333333 0.366667 0.400000 0.433333 0.466667 0.500000
0.533333 0.566667 0.600000 0.633333 0.666667 0.700000 0.733333 0.766667 0.800000 0.833333 0.866667 0.900000 0.933333 0.966667 1.000000 1.033333</float_array>
        <technique_common>
          <accessor source="#mixamorig_Spine1-Matrix-animation-input-array" count="32">
            <param name="TIME" type="float"/>
          </accessor>
        </technique_common>
      </source>
      <source id="mixamorig_Spine1-Matrix-animation-output-transform">
        <float_array id="mixamorig_Spine1-Matrix-animation-output-transform-array" count="512">

0.995663 0.025556 -0.089451 0.000000 -0.051563 0.951922 -0.301970 11.269900 0.077434 0.305272 0.949112 0.000000 0.000000 0.000000 0.000000 1.000000
0.995514 0.044301 -0.083606 -0.000000 -0.067213 0.953028 -0.295330 11.269900 0.066596 0.299625 0.951730 0.000000 0.000000 0.000000 0.000000 1.000000
0.995416 0.060168 -0.074347 -0.000000 -0.079447 0.952967 -0.292474 11.269900 0.053252 0.297040 0.953379 0.000000 0.000000 0.000000 0.000000 1.000000
0.995592 0.066695 -0.065945 -0.000000 -0.083213 0.952493 -0.292973 11.269900 0.043273 0.297169 0.953844 0.000000 0.000000 0.000000 0.000000 1.000000
0.996262 0.060281 -0.061874 -0.000000 -0.075676 0.954447 -0.288623 11.269900 0.041657 0.292227 0.955441 0.000000 0.000000 0.000000 0.000000 1.000000
0.997028 0.042629 -0.064173 0.000000 -0.058694 0.959854 -0.274290 11.269900 0.049904 0.277241 0.959504 0.000000 0.000000 0.000000 0.000000 1.000000
0.997185 0.025323 -0.070581 -0.000000 -0.042749 0.965294 -0.257643 11.269900 0.061607 0.259935 0.963659 0.000000 0.000000 0.000000 0.000000 1.000000
0.997131 0.021330 -0.072630 0.000000 -0.039012 0.967045 -0.251599 11.269900 0.064870 0.253710 0.965103 -0.000000 0.000000 0.000000 0.000000 1.000000
0.997417 0.028500 -0.065938 -0.000000 -0.044727 0.964677 -0.259611 11.269900 0.056210 0.261889 0.963460 0.000000 0.000000 0.000000 0.000000 1.000000
0.997874 0.036975 -0.053664 -0.000000 -0.050394 0.959928 -0.275679 11.269900 0.041320 0.277797 0.959751 0.000000 0.000000 0.000000 0.000000 1.000000
0.998313 0.041279 -0.040838 0.000000 -0.051460 0.954756 -0.292906 11.269900 0.026900 0.294513 0.955269 0.000000 0.000000 0.000000 0.000000 1.000000
0.998699 0.040341 -0.031182 -0.000000 -0.047969 0.950686 -0.306423 11.269900 0.017282 0.307520 0.951385 0.000000 0.000000 0.000000 0.000000 1.000000
0.999097 0.032766 -0.027035 -0.000000 -0.039624 0.948243 -0.315063 11.269900 0.015312 0.315850 0.948686 0.000000 0.000000 0.000000 0.000000 1.000000
0.999396 0.021247 -0.027489 -0.000000 -0.028871 0.948028 -0.316875 11.269900 0.019328 0.317477 0.948069 0.000000 0.000000 0.000000 0.000000 1.000000
0.999500 0.012096 -0.029204 0.000000 -0.020567 0.950435 -0.310243 11.269900 0.024004 0.310688 0.950209 0.000000 0.000000 0.000000 0.000000 1.000000
0.999525 0.006063 -0.030231 -0.000000 -0.014797 0.954516 -0.297792 11.269900 0.027051 0.298097 0.954152 -0.000000 0.000000 0.000000 0.000000 1.000000
0.999510 0.009230 -0.029899 -0.000000 -0.017613 0.955722 -0.293743 11.269900 0.025864 0.294126 0.955417 0.000000 0.000000 0.000000 0.000000 1.000000
0.999295 0.024935 -0.028052 0.000000 -0.032257 0.952683 -0.302249 11.269900 0.019188 0.302941 0.952816 0.000000 0.000000 0.000000 0.000000 1.000000
0.998721 0.040170 -0.030700 0.000000 -0.047766 0.948701 -0.312546 11.269900 0.016570 0.313613 0.949406 -0.000000 0.000000 0.000000 0.000000 1.000000
0.997768 0.052681 -0.041040 0.000000 -0.063162 0.944004 -0.323833 11.269900 0.021682 0.325702 0.945224 0.000000 0.000000 0.000000 0.000000 1.000000
0.996760 0.055471 -0.058246 0.000000 -0.071718 0.940775 -0.331361 11.269900 0.036416 0.334464 0.941705 -0.000000 0.000000 0.000000 0.000000 1.000000
0.995735 0.049472 -0.077875 0.000000 -0.072799 0.939840 -0.333768 11.269900 0.056678 0.338014 0.939433 0.000000 0.000000 0.000000 0.000000 1.000000
0.995003 0.042596 -0.090302 -0.000000 -0.070422 0.940543 -0.332293 11.269900 0.070778 0.336992 0.938843 0.000000 0.000000 0.000000 0.000000 1.000000
0.995050 0.031113 -0.094384 0.000000 -0.060284 0.944007 -0.324371 11.269900 0.079007 0.328455 0.941210 0.000000 0.000000 0.000000 0.000000 1.000000
0.995559 0.014066 -0.093083 0.000000 -0.042449 0.949621 -0.310512 11.269900 0.084026 0.313084 0.946001 0.000000 0.000000 0.000000 0.000000 1.000000
0.995902 -0.001676 -0.090429 -0.000000 -0.025427 0.954317 -0.297713 11.269900 0.086797 0.298792 0.950363 0.000000 0.000000 0.000000 0.000000 1.000000
0.995820 -0.008678 -0.090921 -0.000000 -0.018470 0.955773 -0.293524 11.269900 0.089447 0.293977 0.951618 0.000000 0.000000 0.000000 0.000000 1.000000
0.995420 -0.008860 -0.095182 -0.000000 -0.020021 0.954290 -0.298212 11.269900 0.093474 0.298752 0.949742 -0.000000 0.000000 0.000000 0.000000 1.000000
0.995202 -0.006498 -0.097621 -0.000000 -0.023734 0.951954 -0.305320 11.269900 0.094915 0.306172 0.947233 0.000000 0.000000 0.000000 0.000000 1.000000
0.995430 -0.001387 -0.095488 -0.000000 -0.028315 0.950644 -0.308988 11.269900 0.091203 0.310280 0.946260 0.000000 0.000000 0.000000 0.000000 1.000000
0.995686 0.009253 -0.092324 0.000000 -0.037367 0.950748 -0.307704 11.269900 0.084930 0.309826 0.946992 -0.000000 0.000000 0.000000 0.000000 1.000000
0.995663 0.025556 -0.089451 0.000000 -0.051563 0.951922 -0.301969 11.269900 0.077433 0.305272 0.949112 0.000000 0.000000 0.000000 0.000000 1.000000</float_array>
        <technique_common>
          <accessor source="#mixamorig_Spine1-Matrix-animation-output-transform-array" count="32" stride="16">
            <param type="float4x4"/>
          </accessor>
        </technique_common>
      </source>
      <source id="mixamorig_Spine1-Interpolations">
        <Name_array id="mixamorig_Spine1-Interpolations-array" count="32">
 LINEAR LINEAR LINEAR LINEAR LINEAR LINEAR LINEAR LINEAR LINEAR LINEAR LINEAR
LINEAR LINEAR LINEAR LINEAR LINEAR LINEAR LINEAR LINEAR LINEAR LINEAR LINEAR LINEAR
LINEAR LINEAR LINEAR LINEAR LINEAR LINEAR LINEAR LINEAR LINEAR</Name_array>
        <technique_common>
          <accessor source="#mixamorig_Spine1-Interpolations-array" count="32">
            <param type="name"/>
          </accessor>
        </technique_common>
      </source>
      <sampler id="mixamorig_Spine1-Matrix-animation-transform">
        <input semantic="INPUT" source="#mixamorig_Spine1-Matrix-animation-input"/>
        <input semantic="OUTPUT" source="#mixamorig_Spine1-Matrix-animation-output-transform"/>
        <input semantic="INTERPOLATION" source="#mixamorig_Spine1-Interpolations"/>
      </sampler>
      <channel source="#mixamorig_Spine1-Matrix-animation-transform" target="mixamorig_Spine1/matrix"/>
    </animation>
    <animation id="mixamorig_Spine2-anim" name="mixamorig_Spine2">
      <source id="mixamorig_Spine2-Matrix-animation-input">
        <float_array id="mixamorig_Spine2-Matrix-animation-input-array" count="32">

0.000000 0.033333 0.066667 0.100000 0.133333 0.166667 0.200000 0.233333 0.266667 0.300000 0.333333 0.366667 0.400000 0.433333 0.466667 0.500000
0.533333 0.566667 0.600000 0.633333 0.666667 0.700000 0.733333 0.766667 0.800000 0.833333 0.866667 0.900000 0.933333 0.966667 1.000000 1.033333</float_array>
        <technique_common>
          <accessor source="#mixamorig_Spine2-Matrix-animation-input-array" count="32">
            <param name="TIME" type="float"/>
          </accessor>
        </technique_common>
      </source>
      <source id="mixamorig_Spine2-Matrix-animation-output-transform">
        <float_array id="mixamorig_Spine2-Matrix-animation-output-transform-array" count="512">

0.995698 0.027756 -0.088401 -0.000000 -0.052013 0.957007 -0.285364 10.816000 0.076680 0.288734 0.954334 0.000000 0.000000 0.000000 0.000000 1.000000
0.995567 0.046238 -0.081909 0.000000 -0.067430 0.957981 -0.278792 10.816000 0.065577 0.283079 0.956852 0.000000 0.000000 0.000000 0.000000 1.000000
0.995472 0.061783 -0.072232 0.000000 -0.079474 0.957875 -0.275969 10.816000 0.052139 0.280460 0.958449 0.000000 0.000000 0.000000 0.000000 1.000000
0.995659 0.068070 -0.063481 -0.000000 -0.083085 0.957409 -0.276524 10.816000 0.041954 0.280598 0.958908 0.000000 0.000000 0.000000 0.000000 1.000000
0.996358 0.061545 -0.059016 0.000000 -0.075381 0.959267 -0.272260 10.816000 0.039856 0.275717 0.960412 -0.000000 0.000000 0.000000 0.000000 1.000000
0.997181 0.043868 -0.060871 0.000000 -0.058178 0.964373 -0.258069 10.816000 0.047381 0.260883 0.964207 -0.000000 0.000000 0.000000 0.000000 1.000000
0.997401 0.026521 -0.066990 -0.000000 -0.042006 0.969463 -0.241612 10.816000 0.058537 0.243798 0.968058 0.000000 0.000000 0.000000 0.000000 1.000000
0.997355 0.022476 -0.069118 -0.000000 -0.038211 0.971102 -0.235588 10.816000 0.061826 0.237606 0.969392 -0.000000 0.000000 0.000000 0.000000 1.000000
0.997590 0.029580 -0.062763 0.000000 -0.044044 0.968923 -0.243411 10.816000 0.053612 0.245589 0.967890 0.000000 0.000000 0.000000 0.000000 1.000000
0.997979 0.037906 -0.050994 0.000000 -0.049882 0.964519 -0.259259 10.816000 0.039358 0.261278 0.964461 0.000000 0.000000 0.000000 0.000000 1.000000
0.998358 0.042004 -0.038941 -0.000000 -0.051156 0.959702 -0.276325 10.816000 0.025765 0.277863 0.960275 0.000000 0.000000 0.000000 0.000000 1.000000
0.998707 0.040831 -0.030292 0.000000 -0.047870 0.955903 -0.289754 10.816000 0.017125 0.290830 0.956622 -0.000000 0.000000 0.000000 0.000000 1.000000
0.999096 0.033206 -0.026539 0.000000 -0.039621 0.953618 -0.298400 10.816000 0.015400 0.299182 0.954072 0.000000 0.000000 0.000000 0.000000 1.000000
0.999406 0.021856 -0.026633 -0.000000 -0.028852 0.953421 -0.300258 10.816000 0.018830 0.300849 0.953486 0.000000 0.000000 0.000000 0.000000 1.000000
0.999521 0.012856 -0.028169 -0.000000 -0.020567 0.955701 -0.293619 10.816000 0.023146 0.294057 0.955507 0.000000 0.000000 0.000000 0.000000 1.000000
0.999547 0.006900 -0.029279 -0.000000 -0.014859 0.959561 -0.281107 10.816000 0.026156 0.281415 0.959230 0.000000 0.000000 0.000000 0.000000 1.000000
0.999522 0.010013 -0.029261 0.000000 -0.017734 0.960704 -0.277008 10.816000 0.025338 0.277395 0.960422 0.000000 0.000000 0.000000 0.000000 1.000000
0.999287 0.025536 -0.027807 0.000000 -0.032421 0.957827 -0.285510 10.816000 0.019344 0.286208 0.957972 0.000000 0.000000 0.000000 0.000000 1.000000
0.998698 0.040745 -0.030709 0.000000 -0.048019 0.954040 -0.295807 10.816000 0.017245 0.296897 0.954754 -0.000000 0.000000 0.000000 0.000000 1.000000
0.997723 0.053504 -0.041071 -0.000000 -0.063562 0.949558 -0.307082 10.816000 0.022569 0.308993 0.950796 -0.000000 0.000000 0.000000 0.000000 1.000000
0.996681 0.056755 -0.058361 -0.000000 -0.072316 0.946481 -0.314553 10.816000 0.037385 0.317729 0.947444 0.000000 0.000000 0.000000 0.000000 1.000000
0.995634 0.051169 -0.078072 -0.000000 -0.073448 0.945608 -0.316910 10.816000 0.057609 0.321260 0.945237 -0.000000 0.000000 0.000000 0.000000 1.000000
0.994907 0.044411 -0.090483 0.000000 -0.070929 0.946290 -0.315444 10.816000 0.071614 0.320256 0.944620 0.000000 0.000000 0.000000 0.000000 1.000000
0.994965 0.033005 -0.094629 -0.000000 -0.060746 0.949608 -0.307497 10.816000 0.079711 0.311698 0.946832 -0.000000 0.000000 0.000000 0.000000 1.000000
0.995483 0.016025 -0.093575 0.000000 -0.042968 0.954974 -0.293560 10.816000 0.084658 0.296255 0.951350 0.000000 0.000000 0.000000 0.000000 1.000000
0.995825 0.000317 -0.091281 -0.000000 -0.026033 0.959451 -0.280670 10.816000 0.087490 0.281874 0.955454 0.000000 0.000000 0.000000 0.000000 1.000000
0.995741 -0.006597 -0.091960 0.000000 -0.019164 0.960840 -0.276441 10.816000 0.090182 0.277026 0.956621 -0.000000 0.000000 0.000000 0.000000 1.000000
0.995353 -0.006575 -0.096064 0.000000 -0.020801 0.959425 -0.281197 10.816000 0.094015 0.281889 0.954830 0.000000 0.000000 0.000000 0.000000 1.000000
0.995161 -0.004039 -0.098178 0.000000 -0.024570 0.957186 -0.288430 10.816000 0.095140 0.289447 0.952454 0.000000 0.000000 0.000000 0.000000 1.000000
0.995413 0.001056 -0.095668 0.000000 -0.029098 0.955912 -0.292207 10.816000 0.091142 0.293650 0.951558 0.000000 0.000000 0.000000 0.000000 1.000000
0.995692 0.011596 -0.091994 -0.000000 -0.038020 0.955966 -0.291004 10.816000 0.084568 0.293248 0.952289 -0.000000 0.000000 0.000000 0.000000 1.000000
0.995698 0.027756 -0.088401 0.000000 -0.052013 0.957007 -0.285364 10.816000 0.076680 0.288734 0.954334 0.000000 0.000000 0.000000 0.000000 1.000000</float_array>
        <technique_common>
          <accessor source="#mixamorig_Spine2-Matrix-animation-output-transform-array" count="32" stride="16">
            <param type="float4x4"/>
          </accessor>
        </technique_common>
      </source>
      <source id="mixamorig_Spine2-Interpolations">
        <Name_array id="mixamorig_Spine2-Interpolations-array" count="32">
 LINEAR LINEAR LINEAR LINEAR LINEAR LINEAR LINEAR LINEAR LINEAR LINEAR LINEAR
LINEAR LINEAR LINEAR LINEAR LINEAR LINEAR LINEAR LINEAR LINEAR LINEAR LINEAR LINEAR
LINEAR LINEAR LINEAR LINEAR LINEAR LINEAR LINEAR LINEAR LINEAR</Name_array>
        <technique_common>
          <accessor source="#mixamorig_Spine2-Interpolations-array" count="32">
            <param type="name"/>
          </accessor>
        </technique_common>
      </source>
      <sampler id="mixamorig_Spine2-Matrix-animation-transform">
        <input semantic="INPUT" source="#mixamorig_Spine2-Matrix-animation-input"/>
        <input semantic="OUTPUT" source="#mixamorig_Spine2-Matrix-animation-output-transform"/>
        <input semantic="INTERPOLATION" source="#mixamorig_Spine2-Interpolations"/>
      </sampler>
      <channel source="#mixamorig_Spine2-Matrix-animation-transform" target="mixamorig_Spine2/matrix"/>
    </animation>
    <animation id="mixamorig_Neck-anim" name="mixamorig_Neck">
      <source id="mixamorig_Neck-Matrix-animation-input">
        <float_array id="mixamorig_Neck-Matrix-animation-input-array" count="32">

0.000000 0.033333 0.066667 0.100000 0.133333 0.166667 0.200000 0.233333 0.266667 0.300000 0.333333 0.366667 0.400000 0.433333 0.466667 0.500000
0.533333 0.566667 0.600000 0.633333 0.666667 0.700000 0.733333 0.766667 0.800000 0.833333 0.866667 0.900000 0.933333 0.966667 1.000000 1.033333</float_array>
        <technique_common>
          <accessor source="#mixamorig_Neck-Matrix-animation-input-array" count="32">
            <param name="TIME" type="float"/>
          </accessor>
        </technique_common>
      </source>
      <source id="mixamorig_Neck-Matrix-animation-output-transform">
        <float_array id="mixamorig_Neck-Matrix-animation-output-transform-array" count="512">

0.994537 -0.039217 0.096734 0.000000 0.042413 0.998613 -0.031203 28.836700 -0.095376 0.035135 0.994821 -0.557200 0.000000 0.000000 0.000000 1.000000
0.994602 -0.038240 0.096463 0.000000 0.041727 0.998537 -0.034394 28.836700 -0.095007 0.038233 0.994742 -0.557200 0.000000 0.000000 0.000000 1.000000
0.994671 -0.037165 0.096168 0.000000 0.040728 0.998545 -0.035355 28.836700 -0.094714 0.039084 0.994737 -0.557200 0.000000 0.000000 0.000000 1.000000
0.994678 -0.037739 0.095876 0.000000 0.041278 0.998527 -0.035202 28.836700 -0.094406 0.038973 0.994771 -0.557200 0.000000 0.000000 0.000000 1.000000
0.994588 -0.039861 0.095950 0.000000 0.043426 0.998431 -0.035359 28.836700 -0.094390 0.039335 0.994758 -0.557200 0.000000 0.000000 0.000000 1.000000
0.994413 -0.043386 0.096232 -0.000000 0.046965 0.998275 -0.035244 28.836700 -0.094536 0.039567 0.994735 -0.557200 0.000000 0.000000 0.000000 1.000000
0.994196 -0.048973 0.095795 0.000000 0.052468 0.998033 -0.034312 28.836700 -0.093926 0.039139 0.994810 -0.557200 0.000000 0.000000 0.000000 1.000000
0.993989 -0.056097 0.094014 0.000000 0.059373 0.997709 -0.032415 28.836700 -0.091980 0.037802 0.995043 -0.557200 0.000000 0.000000 0.000000 1.000000
0.993831 -0.063405 0.090997 0.000000 0.066168 0.997425 -0.027666 28.836700 -0.089009 0.033516 0.995467 -0.557200 0.000000 0.000000 0.000000 1.000000
0.993810 -0.068714 0.087288 0.000000 0.070570 0.997338 -0.018360 28.836700 -0.085794 0.024407 0.996014 -0.557200 0.000000 0.000000 0.000000 1.000000
0.994065 -0.069291 0.083870 0.000000 0.070207 0.997500 -0.008013 28.836700 -0.083105 0.013854 0.996444 -0.557200 0.000000 0.000000 0.000000 1.000000
0.994518 -0.065132 0.081802 0.000000 0.065574 0.997844 -0.002719 28.836700 -0.081449 0.008068 0.996645 -0.557200 0.000000 0.000000 0.000000 1.000000
0.994870 -0.059855 0.081559 0.000000 0.060273 0.998178 -0.002665 28.836700 -0.081250 0.007567 0.996665 -0.557200 0.000000 0.000000 0.000000 1.000000
0.994911 -0.057683 0.082607 -0.000000 0.058217 0.998296 -0.004071 28.836700 -0.082231 0.008860 0.996574 -0.557200 0.000000 0.000000 0.000000 1.000000
0.994622 -0.061401 0.083414 -0.000000 0.062146 0.998047 -0.006358 28.836700 -0.082860 0.011508 0.996495 -0.557200 0.000000 0.000000 0.000000 1.000000
0.994138 -0.069276 0.083005 0.000000 0.070425 0.997457 -0.010992 28.836700 -0.082032 0.016773 0.996489 -0.557200 0.000000 0.000000 0.000000 1.000000
0.993758 -0.074022 0.083463 -0.000000 0.075682 0.996989 -0.016897 28.836700 -0.081961 0.023109 0.996368 -0.557200 0.000000 0.000000 0.000000 1.000000
0.993519 -0.074072 0.086222 -0.000000 0.076449 0.996770 -0.024596 28.836700 -0.084122 0.031028 0.995972 -0.557200 0.000000 0.000000 0.000000 1.000000
0.993335 -0.072874 0.089300 0.000000 0.075984 0.996597 -0.031937 28.836700 -0.086669 0.038510 0.995493 -0.557200 0.000000 0.000000 0.000000 1.000000
0.993201 -0.070640 0.092527 0.000000 0.074451 0.996485 -0.038399 28.836700 -0.089489 0.045027 0.994969 -0.557200 0.000000 0.000000 0.000000 1.000000
0.992931 -0.071582 0.094681 -0.000000 0.075754 0.996274 -0.041232 28.836700 -0.091377 0.048113 0.994653 -0.557200 0.000000 0.000000 0.000000 1.000000
0.992599 -0.075030 0.095486 0.000000 0.079019 0.996121 -0.038705 28.836700 -0.092212 0.045964 0.994678 -0.557200 0.000000 0.000000 0.000000 1.000000
0.992475 -0.076126 0.095912 0.000000 0.079564 0.996298 -0.032543 28.836700 -0.093079 0.039929 0.994858 -0.557200 0.000000 0.000000 0.000000 1.000000
0.992801 -0.071709 0.095933 0.000000 0.074356 0.996936 -0.024305 28.836700 -0.093896 0.031263 0.995091 -0.557200 0.000000 0.000000 0.000000 1.000000
0.993459 -0.061262 0.096369 -0.000000 0.063470 0.997783 -0.020008 28.836700 -0.094929 0.025994 0.995145 -0.557200 0.000000 0.000000 0.000000 1.000000
0.993899 -0.051291 0.097638 0.000000 0.053775 0.998288 -0.022985 28.836700 -0.096291 0.028095 0.994957 -0.557200 0.000000 0.000000 0.000000 1.000000
0.993934 -0.048149 0.098873 0.000000 0.051207 0.998278 -0.028619 28.836700 -0.097325 0.033509 0.994688 -0.557200 0.000000 0.000000 0.000000 1.000000
0.993904 -0.047573 0.099461 -0.000000 0.050815 0.998248 -0.030323 28.836700 -0.097844 0.035192 0.994579 -0.557200 0.000000 0.000000 0.000000 1.000000
0.994066 -0.044888 0.099082 0.000000 0.047914 0.998448 -0.028378 28.836700 -0.097654 0.032957 0.994675 -0.557200 0.000000 0.000000 0.000000 1.000000
0.994314 -0.041397 0.098109 0.000000 0.044227 0.998661 -0.026846 28.836700 -0.096866 0.031032 0.994813 -0.557200 0.000000 0.000000 0.000000 1.000000
0.994471 -0.039628 0.097243 -0.000000 0.042518 0.998708 -0.027832 28.836700 -0.096015 0.031812 0.994871 -0.557200 0.000000 0.000000 0.000000 1.000000
0.994537 -0.039217 0.096734 0.000000 0.042413 0.998613 -0.031202 28.836700 -0.095376 0.035134 0.994821 -0.557200 0.000000 0.000000 0.000000 1.000000</float_array>
        <technique_common>
          <accessor source="#mixamorig_Neck-Matrix-animation-output-transform-array" count="32" stride="16">
            <param type="float4x4"/>
          </accessor>
        </technique_common>
      </source>
      <source id="mixamorig_Neck-Interpolations">
        <Name_array id="mixamorig_Neck-Interpolations-array" count="32">
 LINEAR LINEAR LINEAR LINEAR LINEAR LINEAR LINEAR LINEAR LINEAR LINEAR LINEAR
LINEAR LINEAR LINEAR LINEAR LINEAR LINEAR LINEAR LINEAR LINEAR LINEAR LINEAR LINEAR
LINEAR LINEAR LINEAR LINEAR LINEAR LINEAR LINEAR LINEAR LINEAR</Name_array>
        <technique_common>
          <accessor source="#mixamorig_Neck-Interpolations-array" count="32">
            <param type="name"/>
          </accessor>
        </technique_common>
      </source>
      <sampler id="mixamorig_Neck-Matrix-animation-transform">
        <input semantic="INPUT" source="#mixamorig_Neck-Matrix-animation-input"/>
        <input semantic="OUTPUT" source="#mixamorig_Neck-Matrix-animation-output-transform"/>
        <input semantic="INTERPOLATION" source="#mixamorig_Neck-Interpolations"/>
      </sampler>
      <channel source="#mixamorig_Neck-Matrix-animation-transform" target="mixamorig_Neck/matrix"/>
    </animation>
    <animation id="mixamorig_Head-anim" name="mixamorig_Head">
      <source id="mixamorig_Head-Matrix-animation-input">
        <float_array id="mixamorig_Head-Matrix-animation-input-array" count="32">

0.000000 0.033333 0.066667 0.100000 0.133333 0.166667 0.200000 0.233333 0.266667 0.300000 0.333333 0.366667 0.400000 0.433333 0.466667 0.500000
0.533333 0.566667 0.600000 0.633333 0.666667 0.700000 0.733333 0.766667 0.800000 0.833333 0.866667 0.900000 0.933333 0.966667 1.000000 1.033333</float_array>
        <technique_common>
          <accessor source="#mixamorig_Head-Matrix-animation-input-array" count="32">
            <param name="TIME" type="float"/>
          </accessor>
        </technique_common>
      </source>
      <source id="mixamorig_Head-Matrix-animation-output-transform">
        <float_array id="mixamorig_Head-Matrix-animation-output-transform-array" count="512">

0.817334 0.069567 0.571950 0.000000 -0.411444 0.765386 0.494872 9.283200 -0.403335 -0.639801 0.654198 3.445700 0.000000 0.000000 0.000000 1.000000
0.819222 0.067710 0.569466 0.000000 -0.406582 0.768874 0.493481 9.283200 -0.404434 -0.635805 0.657408 3.445700 0.000000 0.000000 0.000000 1.000000
0.820051 0.070371 0.567947 0.000000 -0.401986 0.777195 0.484124 9.283200 -0.407337 -0.625313 0.665628 3.445700 0.000000 0.000000 0.000000 1.000000
0.819836 0.073872 0.567813 0.000000 -0.400382 0.782872 0.476241 9.283200 -0.409344 -0.617782 0.671404 3.445700 0.000000 0.000000 0.000000 1.000000
0.818816 0.073873 0.569283 0.000000 -0.400999 0.783231 0.475131 9.283200 -0.410781 -0.617326 0.670945 3.445700 0.000000 0.000000 0.000000 1.000000
0.817864 0.070633 0.571060 -0.000000 -0.400878 0.781900 0.477420 9.283200 -0.412791 -0.619390 0.667803 3.445700 0.000000 0.000000 0.000000 1.000000
0.818285 0.068267 0.570744 0.000000 -0.398796 0.782510 0.478164 9.283200 -0.413970 -0.618884 0.667541 3.445700 0.000000 0.000000 0.000000 1.000000
0.821157 0.068934 0.566524 -0.000000 -0.396042 0.783577 0.478704 9.283200 -0.410916 -0.617458 0.670741 3.445700 0.000000 0.000000 0.000000 1.000000
0.827141 0.071141 0.557473 0.000000 -0.392939 0.782396 0.483173 9.283200 -0.401791 -0.618705 0.675106 3.445700 0.000000 0.000000 0.000000 1.000000
0.835569 0.074769 0.544274 -0.000000 -0.387903 0.781848 0.488103 9.283200 -0.389044 -0.618969 0.682292 3.445700 0.000000 0.000000 0.000000 1.000000
0.843654 0.081944 0.530596 -0.000000 -0.380881 0.787874 0.483927 9.283200 -0.378388 -0.610361 0.695904 3.445700 0.000000 0.000000 0.000000 1.000000
0.848346 0.092117 0.521367 0.000000 -0.375629 0.798697 0.470090 9.283200 -0.373111 -0.594640 0.712174 3.445700 0.000000 0.000000 0.000000 1.000000
0.848228 0.101038 0.519904 0.000000 -0.376462 0.805494 0.457662 9.283200 -0.372539 -0.583926 0.721280 3.445700 0.000000 0.000000 0.000000 1.000000
0.844612 0.104537 0.525074 0.000000 -0.382043 0.804759 0.454319 9.283200 -0.375065 -0.584324 0.719647 3.445700 0.000000 0.000000 0.000000 1.000000
0.841118 0.102461 0.531058 -0.000000 -0.385934 0.801602 0.456605 9.283200 -0.378913 -0.589012 0.713785 3.445700 0.000000 0.000000 0.000000 1.000000
0.839854 0.099371 0.533638 0.000000 -0.385405 0.801450 0.457320 9.283200 -0.382240 -0.589749 0.711399 3.445700 0.000000 0.000000 0.000000 1.000000
0.837206 0.096441 0.538318 0.000000 -0.386789 0.800298 0.458168 9.283200 -0.386628 -0.591796 0.707316 3.445700 0.000000 0.000000 0.000000 1.000000
0.830815 0.089444 0.549315 -0.000000 -0.393194 0.792859 0.465589 9.283200 -0.393885 -0.602806 0.693887 3.445700 0.000000 0.000000 0.000000 1.000000
0.824142 0.081432 0.560499 0.000000 -0.399914 0.784436 0.474056 9.283200 -0.401073 -0.614840 0.679052 3.445700 0.000000 0.000000 0.000000 1.000000
0.817591 0.072363 0.571235 -0.000000 -0.406580 0.775038 0.483745 9.283200 -0.407723 -0.627758 0.663085 3.445700 0.000000 0.000000 0.000000 1.000000
0.812340 0.065711 0.579470 0.000000 -0.414154 0.764559 0.493889 9.283200 -0.410585 -0.641196 0.648296 3.445700 0.000000 0.000000 0.000000 1.000000
0.809722 0.062224 0.583506 0.000000 -0.420038 0.755833 0.502279 9.283200 -0.409780 -0.651801 0.638151 3.445700 0.000000 0.000000 0.000000 1.000000
0.807678 0.063967 0.586144 0.000000 -0.422876 0.755602 0.500241 9.283200 -0.410893 -0.651900 0.637333 3.445700 0.000000 0.000000 0.000000 1.000000
0.805902 0.075208 0.587253 0.000000 -0.422315 0.768195 0.481172 9.283200 -0.414936 -0.635783 0.650851 3.445700 0.000000 0.000000 0.000000 1.000000
0.804213 0.089499 0.587565 0.000000 -0.420907 0.783735 0.456725 9.283200 -0.419618 -0.614614 0.667960 3.445700 0.000000 0.000000 0.000000 1.000000
