<?xml version="1.0" encoding="utf-8"?>
<COLLADA xmlns="http://www.collada.org/2005/11/COLLADASchema" version="1.4.1">
  <asset>
    <contributor>
      <author>Mixamo</author>
      <authoring_tool>COLLADA Mixamo exporter</authoring_tool>
      <comments/>
    </contributor>
    <created>2022-08-25T00:14:11Z</created>
    <modified>2022-08-25T00:14:11Z</modified>
    <revision/>
    <title/>
    <unit meter="0.010000"/>
    <up_axis>Y_UP</up_axis>
  </asset>
  <library_animations>
    <animation id="mixamorig_Hips-anim" name="mixamorig_Hips">
      <source id="mixamorig_Hips-Matrix-animation-input">
        <float_array id="mixamorig_Hips-Matrix-animation-input-array" count="139">

0.000000 0.033333 0.066667 0.100000 0.133333 0.166667 0.200000 0.233333 0.266667 0.300000 0.333333 0.366667 0.400000 0.433333 0.466667 0.500000
0.533333 0.566667 0.600000 0.633333 0.666667 0.700000 0.733333 0.766667 0.800000 0.833333 0.866667 0.900000 0.933333 0.966667 1.000000 1.033333
1.066667 1.100000 1.133333 1.166667 1.200000 1.233333 1.266667 1.300000 1.333333 1.366667 1.400000 1.433333 1.466667 1.500000 1.533333 1.566667
1.600000 1.633333 1.666667 1.700000 1.733333 1.766667 1.800000 1.833333 1.866667 1.900000 1.933333 1.966667 2.000000 2.033333 2.066667 2.100000
2.133333 2.166667 2.200000 2.233333 2.266667 2.300000 2.333333 2.366667 2.400000 2.433333 2.466667 2.500000 2.533333 2.566667 2.600000 2.633333
2.666667 2.700000 2.733333 2.766667 2.800000 2.833333 2.866667 2.900000 2.933333 2.966667 3.000000 3.033333 3.066667 3.100000 3.133333 3.166667
3.200000 3.233333 3.266667 3.300000 3.333333 3.366667 3.400000 3.433333 3.466667 3.500000 3.533333 3.566667 3.600000 3.633333 3.666667 3.700000
3.733333 3.766667 3.800000 3.833333 3.866667 3.900000 3.933333 3.966667 4.000000 4.033333 4.066667 4.100000 4.133333 4.166667 4.200000 4.233333
4.266667 4.300000 4.333333 4.366667 4.400000 4.433333 4.466667 4.500000 4.533333 4.566667 4.600000</float_array>
        <technique_common>
          <accessor source="#mixamorig_Hips-Matrix-animation-input-array" count="139">
            <param name="TIME" type="float"/>
          </accessor>
        </technique_common>
      </source>
      <source id="mixamorig_Hips-Matrix-animation-output-transform">
        <float_array id="mixamorig_Hips-Matrix-animation-output-transform-array" count="2224">

0.915488 0.004739 -0.402318 0.601852 -0.011587 0.999826 -0.014588 111.213211 0.402179 0.018017 0.915384 -1.551448 0.000000 0.000000 0.000000 1.000000
0.915247 0.005641 -0.402853 0.601213 -0.012742 0.999807 -0.014951 111.161240 0.402691 0.018817 0.915142 -1.436899 0.000000 0.000000 0.000000 1.000000
0.914395 0.008936 -0.404725 0.628917 -0.014225 0.999848 -0.010061 111.028824 0.404573 0.014956 0.914383 -1.130377 0.000000 0.000000 0.000000 1.000000
0.913375 0.014760 -0.406851 0.663251 -0.015205 0.999882 0.002139 110.808998 0.406835 0.004233 0.913492 -0.427964 0.000000 0.000000 0.000000 1.000000
0.914897 0.024549 -0.402941 0.664710 -0.019197 0.999666 0.017318 110.659088 0.403231 -0.008109 0.915062 0.851035 0.000000 0.000000 0.000000 1.000000
0.918441 0.043403 -0.393169 0.753370 -0.024317 0.998277 0.053397 110.669914 0.394809 -0.039481 0.917914 2.614438 0.000000 0.000000 0.000000 1.000000
0.923521 0.052763 -0.379900 0.663722 -0.011470 0.993849 0.110151 110.236481 0.383375 -0.097370 0.918446 4.764072 0.000000 0.000000 0.000000 1.000000
0.931181 0.056240 -0.360193 0.435631 0.005871 0.985587 0.169066 109.471649 0.364510 -0.159546 0.917430 6.953693 0.000000 0.000000 0.000000 1.000000
0.940590 0.071738 -0.331880 0.314503 0.003680 0.975215 0.221227 109.097137 0.339525 -0.209305 0.917014 8.733302 0.000000 0.000000 0.000000 1.000000
0.947585 0.090369 -0.306459 0.187628 -0.009563 0.966759 0.255510 108.816299 0.319362 -0.239187 0.916950 9.990426 0.000000 0.000000 0.000000 1.000000
0.950134 0.105023 -0.293626 -0.040038 -0.022980 0.962603 0.269941 108.343285 0.310995 -0.249732 0.917015 10.788346 0.000000 0.000000 0.000000 1.000000
0.948328 0.113774 -0.296192 -0.395017 -0.031134 0.962362 0.269982 107.791962 0.315761 -0.246809 0.916177 11.252198 0.000000 0.000000 0.000000 1.000000
0.943627 0.120683 -0.308227 -0.808375 -0.036310 0.963288 0.266004 107.442383 0.329014 -0.239817 0.913366 11.528357 0.000000 0.000000 0.000000 1.000000
0.938030 0.127630 -0.322196 -1.218364 -0.040016 0.963385 0.265120 107.314301 0.344236 -0.235798 0.908791 11.710252 0.000000 0.000000 0.000000 1.000000
0.933082 0.133785 -0.333856 -1.598547 -0.042085 0.962480 0.268071 107.309418 0.357193 -0.236082 0.903703 11.817443 0.000000 0.000000 0.000000 1.000000
0.929141 0.138005 -0.343003 -1.943075 -0.043343 0.961985 0.269640 107.320160 0.367176 -0.235667 0.899802 11.835579 0.000000 0.000000 0.000000 1.000000
0.925804 0.139270 -0.351413 -2.273742 -0.044086 0.963091 0.265541 107.217087 0.375424 -0.230346 0.897773 11.755942 0.000000 0.000000 0.000000 1.000000
0.922682 0.138595 -0.359792 -2.579721 -0.045569 0.965818 0.255183 107.018349 0.382861 -0.219057 0.897458 11.599030 0.000000 0.000000 0.000000 1.000000
0.919250 0.136943 -0.369089 -2.830477 -0.047444 0.969251 0.241458 106.796265 0.390806 -0.204449 0.897481 11.395706 0.000000 0.000000 0.000000 1.000000
0.914990 0.134562 -0.380378 -3.008940 -0.048615 0.972648 0.227139 106.609390 0.400538 -0.189338 0.896505 11.176390 0.000000 0.000000 0.000000 1.000000
0.909511 0.131938 -0.394187 -3.105854 -0.048298 0.975410 0.215040 106.451134 0.412865 -0.176543 0.893518 10.958577 0.000000 0.000000 0.000000 1.000000
0.902614 0.128387 -0.410859 -3.138208 -0.044770 0.977308 0.207040 106.245346 0.428117 -0.168483 0.887879 10.730403 0.000000 0.000000 0.000000 1.000000
0.894469 0.125026 -0.429295 -3.107821 -0.039566 0.978477 0.202528 106.010376 0.445377 -0.164170 0.880164 10.516323 0.000000 0.000000 0.000000 1.000000
0.884963 0.121400 -0.449558 -3.035699 -0.032325 0.979105 0.200768 105.744408 0.464538 -0.163140 0.870396 10.321642 0.000000 0.000000 0.000000 1.000000
0.875431 0.118160 -0.468677 -2.978645 -0.024764 0.979350 0.200650 105.462158 0.482708 -0.164049 0.860280 10.133636 0.000000 0.000000 0.000000 1.000000
0.866550 0.115074 -0.485643 -2.964857 -0.018402 0.979761 0.199321 105.193275 0.498751 -0.163785 0.851130 9.979990 0.000000 0.000000 0.000000 1.000000
0.859257 0.113422 -0.498811 -2.981813 -0.014576 0.980142 0.197760 104.905350 0.511336 -0.162656 0.843847 9.859177 0.000000 0.000000 0.000000 1.000000
0.852994 0.112623 -0.509625 -3.006128 -0.012899 0.980692 0.195135 104.598534 0.521762 -0.159875 0.837976 9.753731 0.000000 0.000000 0.000000 1.000000
0.848180 0.113606 -0.517382 -3.028555 -0.013647 0.981093 0.193055 104.262169 0.529532 -0.156685 0.833694 9.617979 0.000000 0.000000 0.000000 1.000000
0.845765 0.116322 -0.520721 -3.052393 -0.016801 0.981268 0.191913 103.928406 0.533291 -0.153565 0.831876 9.425098 0.000000 0.000000 0.000000 1.000000
0.846494 0.120038 -0.518689 -3.071032 -0.021655 0.981208 0.191736 103.671066 0.531958 -0.151071 0.833186 9.179782 0.000000 0.000000 0.000000 1.000000
0.849453 0.122248 -0.513307 -3.076445 -0.026120 0.981342 0.190490 103.538551 0.527017 -0.148404 0.836797 8.921111 0.000000 0.000000 0.000000 1.000000
0.853009 0.121806 -0.507483 -3.068006 -0.029070 0.981962 0.186828 103.528748 0.521086 -0.144614 0.841164 8.698629 0.000000 0.000000 0.000000 1.000000
0.855984 0.120318 -0.502807 -3.019741 -0.030777 0.982677 0.182752 103.587555 0.516085 -0.140957 0.844859 8.533174 0.000000 0.000000 0.000000 1.000000
0.857907 0.117838 -0.500110 -2.936248 -0.031598 0.983603 0.177556 103.682129 0.512833 -0.136524 0.847564 8.433273 0.000000 0.000000 0.000000 1.000000
0.859674 0.116581 -0.497363 -2.829733 -0.033092 0.984275 0.173513 103.768463 0.509770 -0.132706 0.850014 8.373884 0.000000 0.000000 0.000000 1.000000
0.861482 0.117136 -0.494093 -2.694670 -0.035676 0.984587 0.171216 103.808365 0.506533 -0.129873 0.852383 8.344754 0.000000 0.000000 0.000000 1.000000
0.862470 0.117708 -0.492231 -2.543025 -0.038260 0.984959 0.168498 103.831749 0.504661 -0.126491 0.854001 8.352663 0.000000 0.000000 0.000000 1.000000
0.862863 0.118673 -0.491308 -2.376694 -0.040924 0.985257 0.166112 103.836403 0.503778 -0.123226 0.854999 8.402574 0.000000 0.000000 0.000000 1.000000
0.862687 0.118605 -0.491634 -2.215367 -0.043047 0.985804 0.162286 103.850098 0.503903 -0.118839 0.855546 8.523785 0.000000 0.000000 0.000000 1.000000
0.861916 0.117188 -0.493324 -2.081433 -0.043840 0.986506 0.157747 103.897308 0.505153 -0.114337 0.855422 8.710321 0.000000 0.000000 0.000000 1.000000
0.861857 0.115209 -0.493891 -1.995978 -0.044182 0.987209 0.153184 103.971741 0.505222 -0.110202 0.855924 8.921878 0.000000 0.000000 0.000000 1.000000
0.861607 0.110768 -0.495342 -1.964450 -0.043505 0.988422 0.145356 104.095924 0.505708 -0.103690 0.856451 9.146525 0.000000 0.000000 0.000000 1.000000
0.862418 0.105078 -0.495170 -2.001751 -0.043964 0.990069 0.133529 104.247116 0.504284 -0.093388 0.858473 9.340374 0.000000 0.000000 0.000000 1.000000
0.863035 0.100555 -0.495034 -2.087394 -0.044841 0.991368 0.123199 104.377762 0.503150 -0.084127 0.860095 9.518425 0.000000 0.000000 0.000000 1.000000
0.863026 0.097248 -0.495711 -2.223932 -0.044550 0.992123 0.117074 104.471428 0.503191 -0.078954 0.860561 9.676550 0.000000 0.000000 0.000000 1.000000
0.863012 0.095524 -0.496069 -2.409216 -0.043452 0.992357 0.115496 104.530121 0.503311 -0.078120 0.860567 9.804018 0.000000 0.000000 0.000000 1.000000
0.862294 0.094586 -0.497496 -2.630574 -0.041801 0.992344 0.116216 104.595490 0.504680 -0.079417 0.859646 9.895082 0.000000 0.000000 0.000000 1.000000
0.861818 0.095975 -0.498055 -2.866215 -0.041284 0.991950 0.119712 104.642914 0.505535 -0.082609 0.858843 9.912960 0.000000 0.000000 0.000000 1.000000
0.861915 0.098576 -0.497379 -3.121803 -0.042053 0.991438 0.123619 104.688698 0.505306 -0.085633 0.858681 9.852262 0.000000 0.000000 0.000000 1.000000
0.861353 0.099163 -0.498234 -3.408107 -0.042480 0.991388 0.123875 104.765251 0.506228 -0.085535 0.858148 9.757318 0.000000 0.000000 0.000000 1.000000
0.861449 0.099584 -0.497984 -3.728627 -0.042862 0.991344 0.124098 104.832001 0.506032 -0.085560 0.858261 9.617310 0.000000 0.000000 0.000000 1.000000
0.860413 0.096738 -0.500331 -4.077143 -0.041404 0.991841 0.120569 104.931442 0.507912 -0.083023 0.857399 9.499447 0.000000 0.000000 0.000000 1.000000
0.860096 0.095176 -0.501176 -4.440867 -0.039972 0.991995 0.119786 105.026009 0.508564 -0.082994 0.857015 9.376953 0.000000 0.000000 0.000000 1.000000
0.859173 0.092642 -0.503229 -4.812593 -0.037435 0.992219 0.118748 105.151695 0.510314 -0.083186 0.855955 9.302822 0.000000 0.000000 0.000000 1.000000
0.857993 0.090631 -0.505602 -5.174849 -0.034756 0.992299 0.118893 105.260658 0.512484 -0.084437 0.854535 9.272337 0.000000 0.000000 0.000000 1.000000
0.856879 0.088500 -0.507865 -5.530275 -0.031848 0.992360 0.119193 105.356148 0.514534 -0.085960 0.853151 9.258808 0.000000 0.000000 0.000000 1.000000
0.856409 0.086463 -0.509006 -5.880030 -0.029118 0.992397 0.119583 105.404305 0.515476 -0.087590 0.852416 9.232162 0.000000 0.000000 0.000000 1.000000
0.856876 0.085019 -0.508463 -6.211182 -0.027222 0.992393 0.120061 105.379700 0.514803 -0.089036 0.852673 9.179126 0.000000 0.000000 0.000000 1.000000
0.858387 0.083845 -0.506105 -6.514341 -0.026290 0.992447 0.119826 105.280762 0.512329 -0.089552 0.854107 9.103748 0.000000 0.000000 0.000000 1.000000
0.860799 0.082251 -0.502255 -6.803610 -0.025863 0.992649 0.118233 105.164085 0.508288 -0.088785 0.856598 9.020197 0.000000 0.000000 0.000000 1.000000
0.864072 0.079846 -0.496994 -7.085396 -0.025582 0.993029 0.115062 105.072739 0.502717 -0.086707 0.860092 8.952744 0.000000 0.000000 0.000000 1.000000
0.868136 0.076390 -0.490412 -7.347889 -0.025355 0.993620 0.109890 105.010345 0.495678 -0.082965 0.864535 8.940598 0.000000 0.000000 0.000000 1.000000
0.873431 0.074012 -0.481291 -7.588899 -0.027520 0.994305 0.102960 104.977463 0.486170 -0.076683 0.870493 8.968875 0.000000 0.000000 0.000000 1.000000
0.878870 0.071825 -0.471623 -7.820807 -0.029761 0.994930 0.096061 104.986237 0.476132 -0.070390 0.876552 9.047728 0.000000 0.000000 0.000000 1.000000
0.883076 0.068448 -0.464211 -8.035257 -0.029548 0.995452 0.090569 105.020401 0.468299 -0.066263 0.881082 9.212534 0.000000 0.000000 0.000000 1.000000
0.885652 0.064519 -0.459845 -8.235995 -0.027602 0.995864 0.086565 105.057587 0.463529 -0.063973 0.883770 9.474669 0.000000 0.000000 0.000000 1.000000
0.886909 0.060731 -0.457935 -8.439621 -0.025145 0.996197 0.083417 105.085434 0.461260 -0.062468 0.885063 9.833373 0.000000 0.000000 0.000000 1.000000
0.887769 0.057897 -0.456634 -8.674591 -0.023516 0.996467 0.080624 105.088585 0.459689 -0.060837 0.885994 10.269903 0.000000 0.000000 0.000000 1.000000
0.888244 0.056357 -0.455902 -8.955309 -0.022132 0.996544 0.080070 105.040001 0.458839 -0.061031 0.886421 10.798758 0.000000 0.000000 0.000000 1.000000
0.888160 0.055725 -0.456142 -9.257175 -0.020280 0.996406 0.082240 104.936348 0.459086 -0.063792 0.886099 11.405159 0.000000 0.000000 0.000000 1.000000
0.887864 0.055201 -0.456783 -9.582250 -0.018331 0.996233 0.084762 104.789749 0.459741 -0.066884 0.885531 12.084360 0.000000 0.000000 0.000000 1.000000
0.887212 0.054766 -0.458100 -9.933241 -0.016087 0.995998 0.087915 104.603691 0.461081 -0.070630 0.884542 12.862056 0.000000 0.000000 0.000000 1.000000
0.886122 0.054347 -0.460254 -10.298935 -0.013379 0.995687 0.091812 104.353523 0.463258 -0.075198 0.883027 13.747276 0.000000 0.000000 0.000000 1.000000
0.884720 0.053760 -0.463013 -10.663836 -0.010408 0.995357 0.095684 104.022690 0.466007 -0.079835 0.881172 14.740195 0.000000 0.000000 0.000000 1.000000
0.883350 0.052754 -0.465736 -10.997663 -0.008048 0.995207 0.097463 103.630661 0.468645 -0.082346 0.879540 15.833155 0.000000 0.000000 0.000000 1.000000
0.882421 0.050960 -0.467692 -11.282431 -0.007230 0.995468 0.094826 103.212143 0.470405 -0.080295 0.878790 17.039558 0.000000 0.000000 0.000000 1.000000
0.882080 0.047941 -0.468655 -11.510769 -0.007551 0.996119 0.087687 102.820518 0.471040 -0.073808 0.879019 18.371651 0.000000 0.000000 0.000000 1.000000
0.881776 0.044638 -0.469551 -11.683289 -0.007600 0.996727 0.080481 102.449097 0.471607 -0.067398 0.879229 19.839413 0.000000 0.000000 0.000000 1.000000
0.881448 0.042112 -0.470399 -11.791758 -0.006392 0.996989 0.077278 102.080070 0.472237 -0.065110 0.879064 21.437435 0.000000 0.000000 0.000000 1.000000
0.881535 0.039325 -0.470477 -11.885246 -0.002700 0.996929 0.078269 101.745773 0.472110 -0.067727 0.878934 23.199921 0.000000 0.000000 0.000000 1.000000
0.882608 0.035087 -0.468799 -12.014334 0.003793 0.996647 0.081734 101.481377 0.470094 -0.073917 0.879515 25.172451 0.000000 0.000000 0.000000 1.000000
0.884904 0.028449 -0.464903 -12.186795 0.013095 0.996219 0.085888 101.277649 0.465589 -0.082090 0.881186 27.396685 0.000000 0.000000 0.000000 1.000000
0.888151 0.019666 -0.459131 -12.366347 0.024655 0.995606 0.090338 101.083145 0.458890 -0.091554 0.883764 29.883234 0.000000 0.000000 0.000000 1.000000
0.891689 0.009804 -0.452542 -12.497615 0.037211 0.994794 0.094871 100.801819 0.451116 -0.101435 0.886682 32.612892 0.000000 0.000000 0.000000 1.000000
0.895014 -0.000111 -0.446039 -12.520663 0.049479 0.993853 0.099038 100.272163 0.443286 -0.110710 0.889517 35.546619 0.000000 0.000000 0.000000 1.000000
0.898313 -0.008932 -0.439265 -12.385535 0.059643 0.993017 0.101780 99.396477 0.435289 -0.117629 0.892573 38.658215 0.000000 0.000000 0.000000 1.000000
0.903147 -0.031738 -0.428157 -12.101390 0.075877 0.993365 0.086418 98.040237 0.422574 -0.110535 0.899563 41.907684 0.000000 0.000000 0.000000 1.000000
0.910115 -0.064578 -0.409293 -11.670594 0.093295 0.994354 0.050566 96.054558 0.403716 -0.084206 0.911001 45.371624 0.000000 0.000000 0.000000 1.000000
0.920370 -0.084331 -0.381847 -11.195292 0.098801 0.994937 0.018411 93.254234 0.378361 -0.054672 0.924042 49.058510 0.000000 0.000000 0.000000 1.000000
0.933592 -0.090786 -0.346647 -10.720723 0.094428 0.995511 -0.006408 89.295677 0.345673 -0.026751 0.937974 52.881477 0.000000 0.000000 0.000000 1.000000
0.944159 -0.094104 -0.315766 -10.461856 0.093125 0.995488 -0.018224 84.181099 0.316056 -0.012200 0.948662 56.695187 0.000000 0.000000 0.000000 1.000000
0.960730 -0.065050 -0.269754 -10.270859 0.059315 0.997807 -0.029369 77.650894 0.271073 0.012216 0.962481 60.386219 0.000000 0.000000 0.000000 1.000000
0.977260 -0.023804 -0.210704 -10.186534 0.013504 0.998648 -0.050189 70.648697 0.211613 0.046202 0.976261 64.010178 0.000000 0.000000 0.000000 1.000000
0.988337 -0.004096 -0.152228 -10.446761 -0.007506 0.997113 -0.075563 64.319946 0.152098 0.075824 0.985453 67.402214 0.000000 0.000000 0.000000 1.000000
0.995556 -0.012142 -0.093382 -11.230289 0.003219 0.995461 -0.095120 59.331955 0.094113 0.094397 0.991076 70.520576 0.000000 0.000000 0.000000 1.000000
0.998983 -0.024369 -0.037938 -12.050452 0.020392 0.994585 -0.101907 56.383087 0.040216 0.101030 0.994070 73.591835 0.000000 0.000000 0.000000 1.000000
0.999538 -0.028766 0.009819 -12.649791 0.029677 0.993401 -0.110785 55.977196 -0.006568 0.111025 0.993796 76.663452 0.000000 0.000000 0.000000 1.000000
0.999598 -0.027775 0.005764 -13.334367 0.028306 0.989896 -0.138939 57.485222 -0.001846 0.139046 0.990284 79.652336 0.000000 0.000000 0.000000 1.000000
0.998548 -0.044579 -0.030235 -14.063163 0.039087 0.985896 -0.162729 59.463631 0.037063 0.161311 0.986207 82.558113 0.000000 0.000000 0.000000 1.000000
0.994119 -0.071961 -0.080925 -14.557940 0.055810 0.980850 -0.186600 61.003021 0.092803 0.180986 0.979097 85.625008 0.000000 0.000000 0.000000 1.000000
0.983149 -0.111142 -0.145143 -14.942509 0.078106 0.973225 -0.216176 61.291084 0.165283 0.201197 0.965506 88.609245 0.000000 0.000000 0.000000 1.000000
0.962054 -0.161631 -0.219837 -15.444658 0.103554 0.961677 -0.253878 60.247799 0.252447 0.221479 0.941922 91.322754 0.000000 0.000000 0.000000 1.000000
0.933142 -0.206175 -0.294514 -15.878205 0.109556 0.943327 -0.313260 58.824944 0.342409 0.260051 0.902845 94.246422 0.000000 0.000000 0.000000 1.000000
0.893762 -0.253983 -0.369705 -16.330896 0.107058 0.921210 -0.374047 57.675713 0.435577 0.294729 0.850534 97.691002 0.000000 0.000000 0.000000 1.000000
0.842228 -0.303518 -0.445565 -16.954914 0.092617 0.895637 -0.435036 56.438278 0.531106 0.325133 0.782442 101.685341 0.000000 0.000000 0.000000 1.000000
0.778901 -0.348148 -0.521638 -17.728899 0.057794 0.868071 -0.493065 54.667007 0.624478 0.353901 0.696262 106.085358 0.000000 0.000000 0.000000 1.000000
0.710620 -0.381909 -0.590901 -18.717670 0.006323 0.843287 -0.537426 52.333435 0.703547 0.378170 0.601672 110.746582 0.000000 0.000000 0.000000 1.000000
0.646073 -0.407804 -0.645202 -20.141094 -0.053779 0.818885 -0.571432 49.436584 0.761379 0.403885 0.507128 115.499062 0.000000 0.000000 0.000000 1.000000
0.603263 -0.440962 -0.664549 -22.414585 -0.110366 0.779073 -0.617142 45.974548 0.789869 0.445643 0.421319 120.368073 0.000000 0.000000 0.000000 1.000000
0.590847 -0.492060 -0.639356 -25.542179 -0.151462 0.710733 -0.686963 42.715858 0.792438 0.502728 0.345406 125.269821 0.000000 0.000000 0.000000 1.000000
0.597251 -0.546905 -0.586674 -28.831121 -0.176035 0.624244 -0.761138 39.608410 0.782498 0.557866 0.276556 130.096542 0.000000 0.000000 0.000000 1.000000
0.626322 -0.601617 -0.495759 -32.161175 -0.188577 0.500133 -0.845166 36.276737 0.756412 0.622835 0.199793 134.722015 0.000000 0.000000 0.000000 1.000000
0.653779 -0.654143 -0.380356 -35.957943 -0.181931 0.352027 -0.918138 31.812523 0.734489 0.669458 0.111139 139.116562 0.000000 0.000000 0.000000 1.000000
0.672047 -0.689533 -0.269995 -39.684624 -0.166108 0.214943 -0.962397 27.205162 0.721638 0.691624 0.029914 142.728867 0.000000 0.000000 0.000000 1.000000
0.694468 -0.696639 -0.180024 -43.091213 -0.158606 0.095831 -0.982680 23.077631 0.701825 0.710993 -0.043939 146.197571 0.000000 0.000000 0.000000 1.000000
0.720482 -0.684490 -0.111260 -46.164703 -0.150030 0.002785 -0.988678 19.958611 0.677050 0.729017 -0.100687 149.178619 0.000000 0.000000 0.000000 1.000000
0.746490 -0.662397 -0.063113 -48.752300 -0.136984 -0.060167 -0.988744 18.390942 0.651143 0.746733 -0.135652 151.358047 0.000000 0.000000 0.000000 1.000000
0.767820 -0.639486 -0.038859 -50.697613 -0.128778 -0.094637 -0.987148 18.242783 0.627590 0.762956 -0.155015 153.103271 0.000000 0.000000 0.000000 1.000000
0.778858 -0.626099 -0.037139 -51.967102 -0.135330 -0.109939 -0.984682 18.720188 0.612426 0.771954 -0.170357 154.666214 0.000000 0.000000 0.000000 1.000000
0.775455 -0.629039 -0.054585 -52.545300 -0.156105 -0.107236 -0.981902 19.149502 0.611801 0.769942 -0.181353 155.877869 0.000000 0.000000 0.000000 1.000000
0.771222 -0.632901 -0.068211 -52.456814 -0.170671 -0.102351 -0.979998 19.294083 0.613260 0.767437 -0.186953 156.595123 0.000000 0.000000 0.000000 1.000000
0.767754 -0.635680 -0.080395 -51.968353 -0.175635 -0.088121 -0.980503 19.037498 0.616202 0.766906 -0.179303 156.878784 0.000000 0.000000 0.000000 1.000000
0.769849 -0.632905 -0.082242 -51.347584 -0.164454 -0.072207 -0.983738 18.470119 0.616675 0.770855 -0.159672 156.697906 0.000000 0.000000 0.000000 1.000000
0.774389 -0.627567 -0.080504 -50.834133 -0.144808 -0.051934 -0.988096 17.795906 0.615916 0.776828 -0.131094 156.247833 0.000000 0.000000 0.000000 1.000000
0.781369 -0.619443 -0.075841 -50.584980 -0.123032 -0.033758 -0.991828 17.261696 0.611821 0.784315 -0.102589 155.904892 0.000000 0.000000 0.000000 1.000000
0.784358 -0.616492 -0.068696 -50.609840 -0.105907 -0.023974 -0.994087 16.925198 0.611200 0.786996 -0.084095 155.455276 0.000000 0.000000 0.000000 1.000000
0.779670 -0.622816 -0.064924 -50.766022 -0.099713 -0.021125 -0.994792 16.762054 0.618200 0.782083 -0.078573 154.966049 0.000000 0.000000 0.000000 1.000000
0.772146 -0.632258 -0.063567 -50.855091 -0.100574 -0.022823 -0.994668 16.685324 0.627436 0.774422 -0.081212 154.581741 0.000000 0.000000 0.000000 1.000000
0.765718 -0.639844 -0.065393 -50.805954 -0.106684 -0.026089 -0.993951 16.652191 0.634267 0.768062 -0.088238 154.418091 0.000000 0.000000 0.000000 1.000000
0.762567 -0.643086 -0.070238 -50.643681 -0.115213 -0.028171 -0.992941 16.623470 0.636567 0.765276 -0.095574 154.482574 0.000000 0.000000 0.000000 1.000000
0.762931 -0.642077 -0.075322 -50.475117 -0.122301 -0.028940 -0.992071 16.581287 0.634806 0.766094 -0.100606 154.679703 0.000000 0.000000 0.000000 1.000000
0.765917 -0.638267 -0.077372 -50.392914 -0.125527 -0.030425 -0.991624 16.524841 0.630567 0.769214 -0.103423 154.917587 0.000000 0.000000 0.000000 1.000000
0.769483 -0.634030 -0.076824 -50.421066 -0.125253 -0.031860 -0.991613 16.460987 0.626265 0.772652 -0.103930 155.125504 0.000000 0.000000 0.000000 1.000000
0.772267 -0.630843 -0.075101 -50.509647 -0.122912 -0.032383 -0.991889 16.394711 0.623294 0.775234 -0.102546 155.258026 0.000000 0.000000 0.000000 1.000000
0.774211 -0.628735 -0.072736 -50.592049 -0.119533 -0.032394 -0.992302 16.326511 0.621538 0.776945 -0.100234 155.294662 0.000000 0.000000 0.000000 1.000000
0.775060 -0.627840 -0.071410 -50.621967 -0.116554 -0.030976 -0.992701 16.263039 0.621045 0.777726 -0.097186 155.253250 0.000000 0.000000 0.000000 1.000000
0.774878 -0.628094 -0.071152 -50.598038 -0.114891 -0.029257 -0.992947 16.216080 0.621582 0.777587 -0.094833 155.179993 0.000000 0.000000 0.000000 1.000000
0.774328 -0.628777 -0.071105 -50.547150 -0.114246 -0.028394 -0.993047 16.193302 0.622386 0.777067 -0.093821 155.108810 0.000000 0.000000 0.000000 1.000000</float_array>
        <technique_common>
          <accessor source="#mixamorig_Hips-Matrix-animation-output-transform-array" count="139" stride="16">
            <param type="float4x4"/>
          </accessor>
        </technique_common>
      </source>
      <source id="mixamorig_Hips-Interpolations">
        <Name_array id="mixamorig_Hips-Interpolations-array" count="139">
 LINEAR LINEAR LINEAR LINEAR LINEAR LINEAR LINEAR LINEAR LINEAR LINEAR LINEAR
LINEAR LINEAR LINEAR LINEAR LINEAR LINEAR LINEAR LINEAR LINEAR LINEAR LINEAR LINEAR
LINEAR LINEAR LINEAR LINEAR LINEAR LINEAR LINEAR LINEAR LINEAR LINEAR LINEAR LINEAR
LINEAR LINEAR LINEAR LINEAR LINEAR LINEAR LINEAR LINEAR LINEAR LINEAR LINEAR LINEAR
LINEAR LINEAR LINEAR LINEAR LINEAR LINEAR LINEAR LINEAR LINEAR LINEAR LINEAR LINEAR
LINEAR LINEAR LINEAR LINEAR LINEAR LINEAR LINEAR LINEAR LINEAR LINEAR LINEAR LINEAR
LINEAR LINEAR LINEAR LINEAR LINEAR LINEAR LINEAR LINEAR LINEAR LINEAR LINEAR LINEAR
LINEAR LINEAR LINEAR LINEAR LINEAR LINEAR LINEAR LINEAR LINEAR LINEAR LINEAR LINEAR
LINEAR LINEAR LINEAR LINEAR LINEAR LINEAR LINEAR LINEAR LINEAR LINEAR LINEAR LINEAR
LINEAR LINEAR LINEAR LINEAR LINEAR LINEAR LINEAR LINEAR LINEAR LINEAR LINEAR LINEAR
LINEAR LINEAR LINEAR LINEAR LINEAR LINEAR LINEAR LINEAR LINEAR LINEAR LINEAR LINEAR
LINEAR LINEAR LINEAR LINEAR LINEAR LINEAR LINEAR LINEAR</Name_array>
        <technique_common>
          <accessor source="#mixamorig_Hips-Interpolations-array" count="139">
            <param type="name"/>
          </accessor>
        </technique_common>
      </source>
      <sampler id="mixamorig_Hips-Matrix-animation-transform">
        <input semantic="INPUT" source="#mixamorig_Hips-Matrix-animation-input"/>
        <input semantic="OUTPUT" source="#mixamorig_Hips-Matrix-animation-output-transform"/>
        <input semantic="INTERPOLATION" source="#mixamorig_Hips-Interpolations"/>
      </sampler>
      <channel source="#mixamorig_Hips-Matrix-animation-transform" target="mixamorig_Hips/matrix"/>
    </animation>
    <animation id="mixamorig_Spine-anim" name="mixamorig_Spine">
      <source id="mixamorig_Spine-Matrix-animation-input">
        <float_array id="mixamorig_Spine-Matrix-animation-input-array" count="139">

0.000000 0.033333 0.066667 0.100000 0.133333 0.166667 0.200000 0.233333 0.266667 0.300000 0.333333 0.366667 0.400000 0.433333 0.466667 0.500000
0.533333 0.566667 0.600000 0.633333 0.666667 0.700000 0.733333 0.766667 0.800000 0.833333 0.866667 0.900000 0.933333 0.966667 1.000000 1.033333
1.066667 1.100000 1.133333 1.166667 1.200000 1.233333 1.266667 1.300000 1.333333 1.366667 1.400000 1.433333 1.466667 1.500000 1.533333 1.566667
1.600000 1.633333 1.666667 1.700000 1.733333 1.766667 1.800000 1.833333 1.866667 1.900000 1.933333 1.966667 2.000000 2.033333 2.066667 2.100000
2.133333 2.166667 2.200000 2.233333 2.266667 2.300000 2.333333 2.366667 2.400000 2.433333 2.466667 2.500000 2.533333 2.566667 2.600000 2.633333
2.666667 2.700000 2.733333 2.766667 2.800000 2.833333 2.866667 2.900000 2.933333 2.966667 3.000000 3.033333 3.066667 3.100000 3.133333 3.166667
3.200000 3.233333 3.266667 3.300000 3.333333 3.366667 3.400000 3.433333 3.466667 3.500000 3.533333 3.566667 3.600000 3.633333 3.666667 3.700000
3.733333 3.766667 3.800000 3.833333 3.866667 3.900000 3.933333 3.966667 4.000000 4.033333 4.066667 4.100000 4.133333 4.166667 4.200000 4.233333
4.266667 4.300000 4.333333 4.366667 4.400000 4.433333 4.466667 4.500000 4.533333 4.566667 4.600000</float_array>
        <technique_common>
          <accessor source="#mixamorig_Spine-Matrix-animation-input-array" count="139">
            <param name="TIME" type="float"/>
          </accessor>
        </technique_common>
      </source>
      <source id="mixamorig_Spine-Matrix-animation-output-transform">
        <float_array id="mixamorig_Spine-Matrix-animation-output-transform-array" count="2224">

0.996668 -0.032078 0.074999 0.000000 0.032778 0.999430 -0.008123 11.006600 -0.074696 0.010554 0.997151 0.107900 0.000000 0.000000 0.000000 1.000000
0.996661 -0.032631 0.074845 0.000000 0.033330 0.999412 -0.008103 11.006600 -0.074536 0.010570 0.997162 0.107900 0.000000 0.000000 0.000000 1.000000
0.996603 -0.034768 0.074660 0.000000 0.035429 0.999344 -0.007553 11.006600 -0.074349 0.010173 0.997180 0.107900 0.000000 0.000000 0.000000 1.000000
0.996472 -0.039639 0.073970 0.000000 0.040078 0.999187 -0.004463 11.006600 -0.073733 0.007412 0.997250 0.107900 0.000000 0.000000 0.000000 1.000000
0.996066 -0.052838 0.071144 0.000000 0.052480 0.998598 0.006887 11.006600 -0.071408 -0.003126 0.997442 0.107900 0.000000 0.000000 0.000000 1.000000
0.994891 -0.077051 0.065225 0.000000 0.075930 0.996922 0.019499 11.006600 -0.066527 -0.014447 0.997680 0.107900 0.000000 0.000000 0.000000 1.000000
0.994328 -0.086661 0.061664 0.000000 0.085316 0.996062 0.024139 11.006600 -0.063513 -0.018742 0.997805 0.107900 0.000000 0.000000 0.000000 1.000000
0.994338 -0.089200 0.057757 0.000000 0.087854 0.995808 0.025447 11.006600 -0.059784 -0.020229 0.998006 0.107900 0.000000 0.000000 0.000000 1.000000
0.993005 -0.108795 0.045886 -0.000000 0.107609 0.993811 0.027572 11.006600 -0.048601 -0.022441 0.998566 0.107900 0.000000 0.000000 0.000000 1.000000
0.990870 -0.131204 0.031031 0.000000 0.130304 0.991037 0.029438 11.006600 -0.034615 -0.025125 0.999085 0.107900 0.000000 0.000000 0.000000 1.000000
0.989254 -0.144778 0.020412 -0.000000 0.144114 0.989078 0.030924 11.006600 -0.024666 -0.027650 0.999313 0.107900 0.000000 0.000000 0.000000 1.000000
0.988871 -0.147876 0.016356 0.000000 0.147277 0.988538 0.033208 11.006600 -0.021079 -0.030430 0.999315 0.107900 0.000000 0.000000 0.000000 1.000000
0.988876 -0.147992 0.014940 0.000000 0.147378 0.988420 0.036124 11.006600 -0.020113 -0.033521 0.999236 0.107900 0.000000 0.000000 0.000000 1.000000
0.988760 -0.148914 0.013371 -0.000000 0.148313 0.988200 0.038259 11.006600 -0.018910 -0.035846 0.999178 0.107900 0.000000 0.000000 0.000000 1.000000
0.988486 -0.150839 0.011972 0.000000 0.150270 0.987868 0.039197 11.006600 -0.017739 -0.036946 0.999160 0.107900 0.000000 0.000000 0.000000 1.000000
0.988217 -0.152636 0.011410 0.000000 0.152077 0.987568 0.039769 11.006600 -0.017338 -0.037565 0.999144 0.107900 0.000000 0.000000 0.000000 1.000000
0.988145 -0.153030 0.012315 0.000000 0.152426 0.987492 0.040312 11.006600 -0.018330 -0.037958 0.999111 0.107900 0.000000 0.000000 0.000000 1.000000
0.988064 -0.153422 0.013860 0.000000 0.152749 0.987420 0.040861 11.006600 -0.019955 -0.038256 0.999069 0.107900 0.000000 0.000000 0.000000 1.000000
0.987929 -0.154178 0.015015 -0.000000 0.153450 0.987290 0.041368 11.006600 -0.021202 -0.038565 0.999031 0.107900 0.000000 0.000000 0.000000 1.000000
0.987737 -0.155334 0.015688 -0.000000 0.154567 0.987093 0.041901 11.006600 -0.021995 -0.038962 0.998999 0.107900 0.000000 0.000000 0.000000 1.000000
0.987465 -0.157025 0.016007 0.000000 0.156231 0.986806 0.042490 11.006600 -0.022468 -0.039456 0.998969 0.107900 0.000000 0.000000 0.000000 1.000000
0.987372 -0.157515 0.016886 0.000000 0.156678 0.986718 0.042887 11.006600 -0.023417 -0.039699 0.998937 0.107900 0.000000 0.000000 0.000000 1.000000
0.987290 -0.157951 0.017636 -0.000000 0.157072 0.986636 0.043328 11.006600 -0.024244 -0.040007 0.998905 0.107900 0.000000 0.000000 0.000000 1.000000
0.987456 -0.156838 0.018225 0.000000 0.155932 0.986808 0.043533 11.006600 -0.024812 -0.040145 0.998886 0.107900 0.000000 0.000000 0.000000 1.000000
0.987898 -0.154016 0.018345 -0.000000 0.153118 0.987267 0.043110 11.006600 -0.024751 -0.039779 0.998902 0.107900 0.000000 0.000000 0.000000 1.000000
0.988274 -0.151651 0.017769 -0.000000 0.150781 0.987634 0.042941 11.006600 -0.024061 -0.039758 0.998920 0.107900 0.000000 0.000000 0.000000 1.000000
0.988374 -0.151162 0.016335 0.000000 0.150351 0.987703 0.042863 11.006600 -0.022613 -0.039909 0.998947 0.107900 0.000000 0.000000 0.000000 1.000000
0.988137 -0.152873 0.014684 0.000000 0.152120 0.987416 0.043231 11.006600 -0.021108 -0.040485 0.998957 0.107900 0.000000 0.000000 0.000000 1.000000
0.987630 -0.156287 0.012720 -0.000000 0.155608 0.986868 0.043329 11.006600 -0.019325 -0.040814 0.998980 0.107900 0.000000 0.000000 0.000000 1.000000
0.986988 -0.160413 0.011047 -0.000000 0.159811 0.986224 0.042701 11.006600 -0.017745 -0.040379 0.999027 0.107900 0.000000 0.000000 0.000000 1.000000
0.986395 -0.164105 0.009743 0.000000 0.163571 0.985655 0.041585 11.006600 -0.016428 -0.039426 0.999087 0.107900 0.000000 0.000000 0.000000 1.000000
0.985995 -0.166524 0.009147 0.000000 0.166021 0.985268 0.041028 11.006600 -0.015845 -0.038935 0.999116 0.107900 0.000000 0.000000 0.000000 1.000000
0.985787 -0.167722 0.009699 -0.000000 0.167190 0.985054 0.041433 11.006600 -0.016503 -0.039222 0.999094 0.107900 0.000000 0.000000 0.000000 1.000000
0.985784 -0.167677 0.010653 -0.000000 0.167092 0.985032 0.042347 11.006600 -0.017594 -0.039965 0.999046 0.107900 0.000000 0.000000 0.000000 1.000000
0.985823 -0.167354 0.012072 0.000000 0.166684 0.985037 0.043798 11.006600 -0.019221 -0.041165 0.998967 0.107900 0.000000 0.000000 0.000000 1.000000
0.985732 -0.167779 0.013492 0.000000 0.167028 0.984930 0.044883 11.006600 -0.020819 -0.041989 0.998901 0.107900 0.000000 0.000000 0.000000 1.000000
0.985561 -0.168643 0.015138 0.000000 0.167810 0.984771 0.045464 11.006600 -0.022575 -0.042267 0.998851 0.107900 0.000000 0.000000 0.000000 1.000000
0.985316 -0.169837 0.017552 -0.000000 0.168881 0.984552 0.046230 11.006600 -0.025132 -0.042587 0.998777 0.107900 0.000000 0.000000 0.000000 1.000000
0.985123 -0.170734 0.019557 0.000000 0.169676 0.984386 0.046842 11.006600 -0.027249 -0.042827 0.998711 0.107900 0.000000 0.000000 0.000000 1.000000
0.985063 -0.170895 0.021135 -0.000000 0.169742 0.984328 0.047807 11.006600 -0.028974 -0.043505 0.998633 0.107900 0.000000 0.000000 0.000000 1.000000
0.985120 -0.170416 0.022277 -0.000000 0.169186 0.984379 0.048727 11.006600 -0.030233 -0.044233 0.998564 0.107900 0.000000 0.000000 0.000000 1.000000
0.985245 -0.169638 0.022683 0.000000 0.168381 0.984503 0.049011 11.006600 -0.030645 -0.044469 0.998541 0.107900 0.000000 0.000000 0.000000 1.000000
0.985403 -0.168599 0.023576 0.000000 0.167283 0.984658 0.049652 11.006600 -0.031586 -0.044983 0.998488 0.107900 0.000000 0.000000 0.000000 1.000000
0.985511 -0.167846 0.024403 0.000000 0.166456 0.984739 0.050818 11.006600 -0.032560 -0.046020 0.998410 0.107900 0.000000 0.000000 0.000000 1.000000
0.985548 -0.167569 0.024816 -0.000000 0.166159 0.984787 0.050851 11.006600 -0.032960 -0.045992 0.998398 0.107900 0.000000 0.000000 0.000000 1.000000
0.985521 -0.167810 0.024250 0.000000 0.166467 0.984800 0.049584 11.006600 -0.032202 -0.044829 0.998476 0.107900 0.000000 0.000000 0.000000 1.000000
0.985490 -0.168252 0.022381 0.000000 0.167052 0.984797 0.047632 11.006600 -0.030055 -0.043202 0.998614 0.107900 0.000000 0.000000 0.000000 1.000000
0.985441 -0.168771 0.020564 -0.000000 0.167709 0.984784 0.045535 11.006600 -0.027936 -0.041423 0.998751 0.107900 0.000000 0.000000 0.000000 1.000000
0.985371 -0.169408 0.018602 0.000000 0.168501 0.984780 0.042614 11.006600 -0.025538 -0.038856 0.998918 0.107900 0.000000 0.000000 0.000000 1.000000
0.985200 -0.170622 0.016384 -0.000000 0.169878 0.984682 0.039289 11.006600 -0.022837 -0.035924 0.999094 0.107900 0.000000 0.000000 0.000000 1.000000
0.985001 -0.171960 0.014211 0.000000 0.171343 0.984518 0.036957 11.006600 -0.020346 -0.033967 0.999216 0.107900 0.000000 0.000000 0.000000 1.000000
0.984756 -0.173597 0.010956 -0.000000 0.173135 0.984299 0.034345 11.006600 -0.016746 -0.031925 0.999350 0.107900 0.000000 0.000000 0.000000 1.000000
0.984552 -0.174882 0.008599 0.000000 0.174514 0.984103 0.032971 11.006600 -0.014228 -0.030961 0.999419 0.107900 0.000000 0.000000 0.000000 1.000000
0.984358 -0.176090 0.005620 0.000000 0.175839 0.983936 0.030830 11.006600 -0.010959 -0.029359 0.999509 0.107900 0.000000 0.000000 0.000000 1.000000
0.984195 -0.177061 0.003194 -0.000000 0.176892 0.983790 0.029440 11.006600 -0.008354 -0.028409 0.999561 0.107900 0.000000 0.000000 0.000000 1.000000
0.984067 -0.177797 0.001182 -0.000000 0.177693 0.983682 0.028191 11.006600 -0.006175 -0.027531 0.999602 0.107900 0.000000 0.000000 0.000000 1.000000
0.983922 -0.178600 0.000068 0.000000 0.178531 0.983550 0.027498 11.006600 -0.004978 -0.027043 0.999622 0.107900 0.000000 0.000000 0.000000 1.000000
0.983724 -0.179686 -0.000386 0.000000 0.179631 0.983365 0.026961 11.006600 -0.004464 -0.026591 0.999636 0.107900 0.000000 0.000000 0.000000 1.000000
0.983536 -0.180710 -0.001209 0.000000 0.180678 0.983184 0.026527 11.006600 -0.003605 -0.026308 0.999647 0.107900 0.000000 0.000000 0.000000 1.000000
0.983375 -0.181568 -0.002491 0.000000 0.181570 0.983022 0.026467 11.006600 -0.002356 -0.026479 0.999647 0.107900 0.000000 0.000000 0.000000 1.000000
0.983231 -0.182331 -0.003407 0.000000 0.182356 0.982866 0.026856 11.006600 -0.001548 -0.027027 0.999633 0.107900 0.000000 0.000000 0.000000 1.000000
0.983052 -0.183279 -0.004119 0.000000 0.183322 0.982666 0.027585 11.006600 -0.001008 -0.027873 0.999611 0.107900 0.000000 0.000000 0.000000 1.000000
0.982902 -0.184051 -0.005282 0.000000 0.184127 0.982480 0.028802 11.006600 -0.000112 -0.029282 0.999571 0.107900 0.000000 0.000000 0.000000 1.000000
0.982645 -0.185339 -0.007616 0.000000 0.185487 0.982171 0.030578 11.006600 0.001813 -0.031461 0.999503 0.107900 0.000000 0.000000 0.000000 1.000000
0.982249 -0.187280 -0.010652 0.000000 0.187531 0.981722 0.032454 11.006600 0.004379 -0.033875 0.999416 0.107900 0.000000 0.000000 0.000000 1.000000
0.981965 -0.188562 -0.013770 0.000000 0.188929 0.981409 0.033797 11.006600 0.007141 -0.035789 0.999334 0.107900 0.000000 0.000000 0.000000 1.000000
0.981760 -0.189372 -0.016929 -0.000000 0.189860 0.981202 0.034567 11.006600 0.010065 -0.037151 0.999259 0.107900 0.000000 0.000000 0.000000 1.000000
0.981592 -0.189942 -0.019973 0.000000 0.190553 0.981045 0.035206 11.006600 0.012908 -0.038364 0.999180 0.107900 0.000000 0.000000 0.000000 1.000000
0.981348 -0.190887 -0.022766 0.000000 0.191617 0.980811 0.035958 11.006600 0.015465 -0.039650 0.999094 0.107900 0.000000 0.000000 0.000000 1.000000
0.981099 -0.191858 -0.025216 0.000000 0.192684 0.980604 0.035902 11.006600 0.017839 -0.040082 0.999037 0.107900 0.000000 0.000000 0.000000 1.000000
0.981041 -0.191890 -0.027147 -0.000000 0.192767 0.980637 0.034535 11.006600 0.019994 -0.039114 0.999035 0.107900 0.000000 0.000000 0.000000 1.000000
0.981064 -0.191498 -0.029008 -0.000000 0.192407 0.980771 0.032672 11.006600 0.022194 -0.037635 0.999045 0.107900 0.000000 0.000000 0.000000 1.000000
0.981167 -0.190577 -0.031485 0.000000 0.191516 0.981029 0.030074 11.006600 0.025157 -0.035537 0.999052 0.107900 0.000000 0.000000 0.000000 1.000000
0.981316 -0.189247 -0.034710 0.000000 0.190198 0.981388 0.026505 11.006600 0.029048 -0.032611 0.999046 0.107900 0.000000 0.000000 0.000000 1.000000
0.981432 -0.187965 -0.038208 0.000000 0.188896 0.981742 0.022394 11.006600 0.033301 -0.029195 0.999019 0.107900 0.000000 0.000000 0.000000 1.000000
0.981448 -0.187127 -0.041757 -0.000000 0.188030 0.981983 0.018819 11.006600 0.037483 -0.026321 0.998951 0.107900 0.000000 0.000000 0.000000 1.000000
0.981177 -0.187776 -0.045078 -0.000000 0.188692 0.981889 0.016981 11.006600 0.041073 -0.025167 0.998839 0.107900 0.000000 0.000000 0.000000 1.000000
0.980718 -0.189555 -0.047552 0.000000 0.190557 0.981521 0.017471 11.006600 0.043362 -0.026196 0.998716 0.107900 0.000000 0.000000 0.000000 1.000000
0.980232 -0.191689 -0.048996 -0.000000 0.192791 0.981060 0.018802 11.006600 0.044464 -0.027876 0.998622 0.107900 0.000000 0.000000 0.000000 1.000000
0.979784 -0.193789 -0.049690 0.000000 0.194938 0.980624 0.019390 11.006600 0.044970 -0.028685 0.998576 0.107900 0.000000 0.000000 0.000000 1.000000
0.979761 -0.194072 -0.049040 0.000000 0.195219 0.980561 0.019746 11.006600 0.044254 -0.028920 0.998602 0.107900 0.000000 0.000000 0.000000 1.000000
0.980367 -0.191556 -0.046754 0.000000 0.192668 0.981049 0.020525 11.006600 0.041936 -0.029130 0.998696 0.107900 0.000000 0.000000 0.000000 1.000000
0.981741 -0.185502 -0.042122 -0.000000 0.186526 0.982208 0.021799 11.006600 0.037328 -0.029258 0.998875 0.107900 0.000000 0.000000 0.000000 1.000000
0.983821 -0.175840 -0.034305 0.000000 0.176691 0.983984 0.023573 11.006600 0.029610 -0.029253 0.999133 0.107900 0.000000 0.000000 0.000000 1.000000
0.986242 -0.163522 -0.024227 -0.000000 0.164126 0.986109 0.025512 11.006600 0.019719 -0.029137 0.999381 0.107900 0.000000 0.000000 0.000000 1.000000
