<?xml version="1.0" encoding="utf-8"?>
<COLLADA xmlns="http://www.collada.org/2005/11/COLLADASchema" version="1.4.1">
  <asset>
    <contributor>
      <author>Mixamo</author>
      <authoring_tool>COLLADA Mixamo exporter</authoring_tool>
      <comments/>
    </contributor>
    <created>2022-08-25T00:13:27Z</created>
    <modified>2022-08-25T00:13:27Z</modified>
    <revision/>
    <title/>
    <unit meter="0.010000"/>
    <up_axis>Y_UP</up_axis>
  </asset>
  <library_animations>
    <animation id="mixamorig_Hips-anim" name="mixamorig_Hips">
      <source id="mixamorig_Hips-Matrix-animation-input">
        <float_array id="mixamorig_Hips-Matrix-animation-input-array" count="81">

0.000000 0.033333 0.066667 0.100000 0.133333 0.166667 0.200000 0.233333 0.266667 0.300000 0.333333 0.366667 0.400000 0.433333 0.466667 0.500000
0.533333 0.566667 0.600000 0.633333 0.666667 0.700000 0.733333 0.766667 0.800000 0.833333 0.866667 0.900000 0.933333 0.966667 1.000000 1.033333
1.066667 1.100000 1.133333 1.166667 1.200000 1.233333 1.266667 1.300000 1.333333 1.366667 1.400000 1.433333 1.466667 1.500000 1.533333 1.566667
1.600000 1.633333 1.666667 1.700000 1.733333 1.766667 1.800000 1.833333 1.866667 1.900000 1.933333 1.966667 2.000000 2.033333 2.066667 2.100000
2.133333 2.166667 2.200000 2.233333 2.266667 2.300000 2.333333 2.366667 2.400000 2.433333 2.466667 2.500000 2.533333 2.566667 2.600000 2.633333
2.666667</float_array>
        <technique_common>
          <accessor source="#mixamorig_Hips-Matrix-animation-input-array" count="81">
            <param name="TIME" type="float"/>
          </accessor>
        </technique_common>
      </source>
      <source id="mixamorig_Hips-Matrix-animation-output-transform">
        <float_array id="mixamorig_Hips-Matrix-animation-output-transform-array" count="1296">

0.999849 0.017401 0.000213 -0.029164 -0.017402 0.999839 0.004400 97.748299 -0.000136 -0.004403 0.999990 -1.079553 0.000000 0.000000 0.000000 1.000000
0.999856 0.015433 0.007124 -0.157647 -0.015440 0.999880 0.000898 97.819687 -0.007110 -0.001008 0.999974 -1.093340 0.000000 0.000000 0.000000 1.000000
0.999818 0.014188 0.012731 -0.462350 -0.014157 0.999897 -0.002505 98.022697 -0.012765 0.002324 0.999916 -1.176069 0.000000 0.000000 0.000000 1.000000
0.999761 0.013710 0.017020 -0.926010 -0.013618 0.999892 -0.005508 98.322357 -0.017094 0.005275 0.999840 -1.328765 0.000000 0.000000 0.000000 1.000000
0.999749 0.013064 0.018202 -1.536518 -0.012898 0.999875 -0.009198 98.681427 -0.018320 0.008961 0.999792 -1.544151 0.000000 0.000000 0.000000 1.000000
0.999733 0.011677 0.019944 -2.286272 -0.011401 0.999839 -0.013891 99.058563 -0.020103 0.013660 0.999705 -1.818573 0.000000 0.000000 0.000000 1.000000
0.999141 0.010808 0.040006 -3.607997 -0.010032 0.999759 -0.019541 99.587044 -0.040207 0.019123 0.999008 -2.399681 0.000000 0.000000 0.000000 1.000000
0.997375 0.010830 0.071591 -5.505579 -0.009136 0.999671 -0.023952 100.270569 -0.071827 0.023235 0.997146 -3.458878 0.000000 0.000000 0.000000 1.000000
0.994401 0.010858 0.105110 -7.918643 -0.007896 0.999561 -0.028556 101.090027 -0.105373 0.027566 0.994051 -4.930912 0.000000 0.000000 0.000000 1.000000
0.989964 0.012789 0.140738 -10.532108 -0.008190 0.999415 -0.033211 101.657776 -0.141080 0.031725 0.989490 -6.789370 0.000000 0.000000 0.000000 1.000000
0.983720 0.016610 0.178936 -12.938597 -0.009996 0.999235 -0.037803 101.622459 -0.179427 0.035399 0.983134 -9.008175 0.000000 0.000000 0.000000 1.000000
0.975186 0.021601 0.220333 -14.862726 -0.012618 0.999034 -0.042097 101.097618 -0.221029 0.038273 0.974516 -11.285864 0.000000 0.000000 0.000000 1.000000
0.963739 0.028167 0.265355 -16.298132 -0.016419 0.998788 -0.046391 100.459702 -0.266341 0.040352 0.963034 -13.214931 0.000000 0.000000 0.000000 1.000000
0.948570 0.033598 0.314780 -16.522362 -0.018743 0.998568 -0.050102 99.466751 -0.316013 0.041625 0.947841 -14.297267 0.000000 0.000000 0.000000 1.000000
0.928679 0.038573 0.368874 -15.753006 -0.020793 0.998428 -0.052055 98.014069 -0.370302 0.040673 0.928021 -14.839780 0.000000 0.000000 0.000000 1.000000
0.902752 0.045376 0.427761 -15.118522 -0.025663 0.998331 -0.051740 96.788544 -0.429395 0.035731 0.902410 -15.415142 0.000000 0.000000 0.000000 1.000000
0.869046 0.054081 0.491766 -14.914391 -0.033540 0.998161 -0.050500 95.822685 -0.493593 0.027394 0.869261 -16.087357 0.000000 0.000000 0.000000 1.000000
0.825705 0.065712 0.560262 -15.209281 -0.045682 0.997719 -0.049696 94.324181 -0.562250 0.015440 0.826823 -17.296040 0.000000 0.000000 0.000000 1.000000
0.758699 0.083761 0.646034 -15.878181 -0.068716 0.996457 -0.048495 92.087196 -0.647807 -0.007600 0.761766 -19.009005 0.000000 0.000000 0.000000 1.000000
0.687568 0.109878 0.717759 -16.700447 -0.096494 0.993544 -0.059662 89.607941 -0.719680 -0.028238 0.693731 -20.746765 0.000000 0.000000 0.000000 1.000000
0.652785 0.150353 0.742473 -17.520918 -0.125566 0.988024 -0.089679 87.448586 -0.747065 -0.034688 0.663846 -22.352528 0.000000 0.000000 0.000000 1.000000
0.644744 0.208086 0.735531 -18.143036 -0.159191 0.977689 -0.137052 85.632401 -0.747639 -0.028727 0.663484 -24.191856 0.000000 0.000000 0.000000 1.000000
0.643952 0.247372 0.723970 -18.589148 -0.180984 0.968681 -0.170007 84.443588 -0.743351 -0.021550 0.668555 -26.064346 0.000000 0.000000 0.000000 1.000000
0.645779 0.261344 0.717404 -18.966404 -0.191094 0.965014 -0.179531 83.799133 -0.739224 -0.021154 0.673127 -27.803680 0.000000 0.000000 0.000000 1.000000
0.651569 0.266581 0.710206 -19.356483 -0.198402 0.963517 -0.179642 83.365799 -0.732185 -0.023857 0.680688 -29.377346 0.000000 0.000000 0.000000 1.000000
0.661958 0.271116 0.698790 -19.666899 -0.203506 0.962279 -0.180565 83.177719 -0.721386 -0.022682 0.692162 -30.482197 0.000000 0.000000 0.000000 1.000000
0.675852 0.277384 0.682849 -19.830410 -0.204276 0.960679 -0.188061 83.325150 -0.708164 -0.012389 0.705939 -30.805571 0.000000 0.000000 0.000000 1.000000
0.692694 0.281137 0.664181 -19.822802 -0.198649 0.959649 -0.199027 84.025253 -0.693335 0.005926 0.720591 -30.506338 0.000000 0.000000 0.000000 1.000000
0.713559 0.277517 0.643286 -19.657642 -0.185620 0.960275 -0.208370 85.064224 -0.675558 0.029277 0.736726 -29.821018 0.000000 0.000000 0.000000 1.000000
0.740042 0.262838 0.619075 -19.650738 -0.164008 0.963213 -0.212892 85.949570 -0.652257 0.056016 0.755925 -27.342873 0.000000 0.000000 0.000000 1.000000
0.772619 0.236137 0.589322 -19.801714 -0.134774 0.968103 -0.211219 86.888481 -0.620400 0.083766 0.779799 -22.387363 0.000000 0.000000 0.000000 1.000000
0.808271 0.199409 0.554016 -19.965134 -0.105004 0.974640 -0.197612 87.996948 -0.579372 0.101550 0.808712 -15.931714 0.000000 0.000000 0.000000 1.000000
0.857211 0.140619 0.495395 -20.414661 -0.064171 0.983666 -0.168178 89.831360 -0.510952 0.112374 0.852233 -7.590319 0.000000 0.000000 0.000000 1.000000
0.913554 0.076810 0.399399 -21.035717 -0.024936 0.990736 -0.133495 93.022522 -0.405953 0.111996 0.907006 1.520141 0.000000 0.000000 0.000000 1.000000
0.957912 0.021707 0.286242 -21.408741 0.004426 0.995902 -0.090335 97.075340 -0.287029 0.087800 0.953890 9.153438 0.000000 0.000000 0.000000 1.000000
0.987307 -0.037374 0.154364 -21.599188 0.045072 0.997893 -0.046672 100.956985 -0.152294 0.053037 0.986911 16.885773 0.000000 0.000000 0.000000 1.000000
0.938482 -0.132014 -0.319099 -19.117300 0.105348 0.989444 -0.099507 103.397217 0.328867 0.059769 0.942483 34.420135 0.000000 0.000000 0.000000 1.000000
0.617853 -0.232909 -0.751006 -15.471404 0.127560 0.972160 -0.196552 103.565521 0.775877 0.025642 0.630362 50.938530 0.000000 0.000000 0.000000 1.000000
0.382530 -0.196645 -0.902774 -12.594331 0.061479 0.980341 -0.187491 99.430664 0.921895 0.016219 0.387099 63.454254 0.000000 0.000000 0.000000 1.000000
0.226442 -0.206159 -0.951957 -8.555106 -0.055656 0.973009 -0.223957 93.217560 0.972433 0.103695 0.208856 73.771591 0.000000 0.000000 0.000000 1.000000
0.100476 -0.256147 -0.961402 -5.541889 -0.119452 0.956197 -0.267244 86.802673 0.987743 0.141693 0.065478 77.696991 0.000000 0.000000 0.000000 1.000000
0.064149 -0.289179 -0.955123 -2.622059 -0.153203 0.942895 -0.295766 81.504120 0.986110 0.165301 0.016183 80.861427 0.000000 0.000000 0.000000 1.000000
0.051716 -0.312436 -0.948530 0.289926 -0.177719 0.931761 -0.316602 78.507103 0.982721 0.184945 -0.007339 82.755707 0.000000 0.000000 0.000000 1.000000
0.057113 -0.325918 -0.943671 3.101806 -0.188106 0.924772 -0.330775 76.655350 0.980487 0.196402 -0.008491 83.273766 0.000000 0.000000 0.000000 1.000000
0.066444 -0.335547 -0.939677 5.581012 -0.194074 0.919427 -0.342038 75.570747 0.978734 0.205093 -0.004031 83.111275 0.000000 0.000000 0.000000 1.000000
0.080446 -0.333711 -0.939237 7.062986 -0.192426 0.919365 -0.343132 75.183807 0.978008 0.208337 0.009745 82.030128 0.000000 0.000000 0.000000 1.000000
0.096276 -0.331978 -0.938361 8.404572 -0.190916 0.919077 -0.344743 75.378822 0.976874 0.212339 0.025105 80.578606 0.000000 0.000000 0.000000 1.000000
0.114055 -0.322300 -0.939742 9.511743 -0.183016 0.922909 -0.338739 76.094193 0.976471 0.210623 0.046276 78.757324 0.000000 0.000000 0.000000 1.000000
0.133224 -0.305436 -0.942847 9.900377 -0.167711 0.930660 -0.325185 77.249184 0.976793 0.201448 0.072761 76.398979 0.000000 0.000000 0.000000 1.000000
0.155094 -0.285692 -0.945688 9.940931 -0.148711 0.939612 -0.308245 78.752922 0.976643 0.188441 0.103243 73.558022 0.000000 0.000000 0.000000 1.000000
0.183661 -0.266230 -0.946251 9.861917 -0.130734 0.947458 -0.291944 80.514870 0.974257 0.177326 0.139206 70.386086 0.000000 0.000000 0.000000 1.000000
0.219601 -0.249581 -0.943125 9.631010 -0.116029 0.953180 -0.279259 82.461197 0.968665 0.170755 0.180361 66.999771 0.000000 0.000000 0.000000 1.000000
0.296387 -0.237680 -0.925020 9.228510 -0.103940 0.954759 -0.278625 84.487259 0.949395 0.178728 0.258274 63.425335 0.000000 0.000000 0.000000 1.000000
0.405372 -0.227854 -0.885300 8.407674 -0.091063 0.953557 -0.287118 86.550194 0.909605 0.197008 0.365796 58.747868 0.000000 0.000000 0.000000 1.000000
0.523759 -0.218133 -0.823465 7.066404 -0.073445 0.951497 -0.298762 88.684975 0.848695 0.216959 0.482334 51.994652 0.000000 0.000000 0.000000 1.000000
0.628651 -0.204419 -0.750340 5.843220 -0.054632 0.950843 -0.304815 90.573090 0.775766 0.232615 0.586581 45.908047 0.000000 0.000000 0.000000 1.000000
0.711262 -0.186134 -0.677835 4.813661 -0.037702 0.952814 -0.301205 92.114441 0.701915 0.239791 0.670683 41.293625 0.000000 0.000000 0.000000 1.000000
0.781162 -0.164747 -0.602199 3.909176 -0.023742 0.956019 -0.292341 93.505539 0.623876 0.242663 0.742895 37.221600 0.000000 0.000000 0.000000 1.000000
0.840403 -0.143833 -0.522528 3.018242 -0.009195 0.960218 -0.279101 94.981750 0.541885 0.239362 0.805647 33.360756 0.000000 0.000000 0.000000 1.000000
0.888231 -0.124991 -0.442067 2.257982 0.005232 0.964966 -0.262323 96.447189 0.459367 0.230690 0.857767 29.675749 0.000000 0.000000 0.000000 1.000000
0.924885 -0.107071 -0.364861 1.707775 0.016372 0.969860 -0.243110 97.759743 0.379895 0.218876 0.898762 26.115395 0.000000 0.000000 0.000000 1.000000
0.951570 -0.090758 -0.293730 1.395679 0.024102 0.974514 -0.223028 98.897469 0.306486 0.205147 0.929506 22.554934 0.000000 0.000000 0.000000 1.000000
0.965603 -0.072802 -0.249620 1.511314 0.021647 0.979179 -0.201841 99.608948 0.259117 0.189495 0.947074 19.410147 0.000000 0.000000 0.000000 1.000000
0.975663 -0.059075 -0.211167 1.973838 0.019239 0.982374 -0.185933 99.850754 0.218429 0.177346 0.959603 16.419182 0.000000 0.000000 0.000000 1.000000
0.981716 -0.047518 -0.184327 2.671676 0.015540 0.985116 -0.171188 99.923630 0.189718 0.165194 0.967842 13.588822 0.000000 0.000000 0.000000 1.000000
0.986506 -0.036773 -0.159539 3.440661 0.011575 0.987677 -0.156078 99.778046 0.163312 0.152126 0.974775 10.852583 0.000000 0.000000 0.000000 1.000000
0.990223 -0.025610 -0.137122 4.177917 0.006112 0.990024 -0.140765 99.558304 0.139359 0.138551 0.980501 8.502404 0.000000 0.000000 0.000000 1.000000
0.993045 -0.017174 -0.116473 4.674806 0.002449 0.992103 -0.125403 99.059219 0.117707 0.124246 0.985245 6.451162 0.000000 0.000000 0.000000 1.000000
0.995168 -0.010169 -0.097662 4.823874 -0.000654 0.993914 -0.110156 98.308281 0.098187 0.109688 0.989105 4.502450 0.000000 0.000000 0.000000 1.000000
0.996728 -0.004093 -0.080725 4.806540 -0.003621 0.995453 -0.095187 97.561165 0.080747 0.095168 0.992181 2.354932 0.000000 0.000000 0.000000 1.000000
0.997850 0.000627 -0.065540 4.692056 -0.005924 0.996724 -0.080658 97.006134 0.065275 0.080873 0.994585 0.393930 0.000000 0.000000 0.000000 1.000000
0.998629 0.004667 -0.052138 4.492346 -0.008147 0.997738 -0.066732 96.710648 0.051709 0.067065 0.996408 -0.795011 0.000000 0.000000 0.000000 1.000000
0.999144 0.008368 -0.040513 4.188706 -0.010535 0.998508 -0.053572 96.373001 0.040005 0.053953 0.997742 -1.485410 0.000000 0.000000 0.000000 1.000000
0.999470 0.011350 -0.030498 3.810468 -0.012607 0.999066 -0.041340 96.118202 0.030000 0.041703 0.998680 -2.013390 0.000000 0.000000 0.000000 1.000000
0.999665 0.013595 -0.022007 3.376985 -0.014257 0.999442 -0.030203 95.981194 0.021584 0.030506 0.999302 -2.387756 0.000000 0.000000 0.000000 1.000000
0.999770 0.015302 -0.014996 2.897870 -0.015605 0.999672 -0.020323 95.937378 0.014680 0.020553 0.999681 -2.583085 0.000000 0.000000 0.000000 1.000000
0.999820 0.016499 -0.009397 2.382065 -0.016610 0.999792 -0.011868 96.060440 0.009199 0.012021 0.999885 -2.580097 0.000000 0.000000 0.000000 1.000000
0.999838 0.017255 -0.005144 1.848488 -0.017281 0.999838 -0.005001 96.350571 0.005057 0.005089 0.999974 -2.407763 0.000000 0.000000 0.000000 1.000000
0.999841 0.017693 -0.002183 1.305307 -0.017693 0.999843 0.000111 96.767570 0.002184 -0.000073 0.999998 -2.103705 0.000000 0.000000 0.000000 1.000000
0.999844 0.017662 -0.000411 0.645758 -0.017661 0.999839 0.003301 97.247070 0.000470 -0.003293 0.999994 -1.655375 0.000000 0.000000 0.000000 1.000000
0.999849 0.017401 0.000213 -0.029165 -0.017402 0.999839 0.004400 97.748299 -0.000136 -0.004403 0.999990 -1.079553 0.000000 0.000000 0.000000 1.000000</float_array>
        <technique_common>
          <accessor source="#mixamorig_Hips-Matrix-animation-output-transform-array" count="81" stride="16">
            <param type="float4x4"/>
          </accessor>
        </technique_common>
      </source>
      <source id="mixamorig_Hips-Interpolations">
        <Name_array id="mixamorig_Hips-Interpolations-array" count="81">
 LINEAR LINEAR LINEAR LINEAR LINEAR LINEAR LINEAR LINEAR LINEAR LINEAR LINEAR
LINEAR LINEAR LINEAR LINEAR LINEAR LINEAR LINEAR LINEAR LINEAR LINEAR LINEAR LINEAR
LINEAR LINEAR LINEAR LINEAR LINEAR LINEAR LINEAR LINEAR LINEAR LINEAR LINEAR LINEAR
LINEAR LINEAR LINEAR LINEAR LINEAR LINEAR LINEAR LINEAR LINEAR LINEAR LINEAR LINEAR
LINEAR LINEAR LINEAR LINEAR LINEAR LINEAR LINEAR LINEAR LINEAR LINEAR LINEAR LINEAR
LINEAR LINEAR LINEAR LINEAR LINEAR LINEAR LINEAR LINEAR LINEAR LINEAR LINEAR LINEAR
LINEAR LINEAR LINEAR LINEAR LINEAR LINEAR LINEAR LINEAR LINEAR LINEAR</Name_array>
        <technique_common>
          <accessor source="#mixamorig_Hips-Interpolations-array" count="81">
            <param type="name"/>
          </accessor>
        </technique_common>
      </source>
      <sampler id="mixamorig_Hips-Matrix-animation-transform">
        <input semantic="INPUT" source="#mixamorig_Hips-Matrix-animation-input"/>
        <input semantic="OUTPUT" source="#mixamorig_Hips-Matrix-animation-output-transform"/>
        <input semantic="INTERPOLATION" source="#mixamorig_Hips-Interpolations"/>
      </sampler>
      <channel source="#mixamorig_Hips-Matrix-animation-transform" target="mixamorig_Hips/matrix"/>
    </animation>
    <animation id="mixamorig_Spine-anim" name="mixamorig_Spine">
      <source id="mixamorig_Spine-Matrix-animation-input">
        <float_array id="mixamorig_Spine-Matrix-animation-input-array" count="81">

0.000000 0.033333 0.066667 0.100000 0.133333 0.166667 0.200000 0.233333 0.266667 0.300000 0.333333 0.366667 0.400000 0.433333 0.466667 0.500000
0.533333 0.566667 0.600000 0.633333 0.666667 0.700000 0.733333 0.766667 0.800000 0.833333 0.866667 0.900000 0.933333 0.966667 1.000000 1.033333
1.066667 1.100000 1.133333 1.166667 1.200000 1.233333 1.266667 1.300000 1.333333 1.366667 1.400000 1.433333 1.466667 1.500000 1.533333 1.566667
1.600000 1.633333 1.666667 1.700000 1.733333 1.766667 1.800000 1.833333 1.866667 1.900000 1.933333 1.966667 2.000000 2.033333 2.066667 2.100000
2.133333 2.166667 2.200000 2.233333 2.266667 2.300000 2.333333 2.366667 2.400000 2.433333 2.466667 2.500000 2.533333 2.566667 2.600000 2.633333
2.666667</float_array>
        <technique_common>
          <accessor source="#mixamorig_Spine-Matrix-animation-input-array" count="81">
            <param name="TIME" type="float"/>
          </accessor>
        </technique_common>
      </source>
      <source id="mixamorig_Spine-Matrix-animation-output-transform">
        <float_array id="mixamorig_Spine-Matrix-animation-output-transform-array" count="1296">

0.999979 -0.005119 0.003862 0.000000 0.006027 0.956045 -0.293158 11.006600 -0.002192 0.293176 0.956056 0.107900 0.000000 0.000000 0.000000 1.000000
0.999975 -0.006331 0.003043 0.000000 0.006944 0.956416 -0.291926 11.006600 -0.001062 0.291940 0.956436 0.107900 0.000000 0.000000 0.000000 1.000000
0.999956 -0.009317 0.000853 -0.000000 0.009167 0.957397 -0.288630 11.006600 0.001872 0.288625 0.957440 0.107900 0.000000 0.000000 0.000000 1.000000
0.999908 -0.013360 -0.002127 0.000000 0.012208 0.958817 -0.283763 11.006600 0.005831 0.283711 0.958892 0.107900 0.000000 0.000000 0.000000 1.000000
0.999828 -0.017740 -0.005325 0.000000 0.015563 0.960512 -0.277803 11.006600 0.010043 0.277672 0.960623 0.107900 0.000000 0.000000 0.000000 1.000000
0.999729 -0.021820 -0.008116 0.000000 0.018802 0.962331 -0.271228 11.006600 0.013728 0.271002 0.962481 0.107900 0.000000 0.000000 0.000000 1.000000
0.999647 -0.024639 -0.009927 0.000000 0.021157 0.964457 -0.263393 11.006600 0.016064 0.263090 0.964638 0.107900 0.000000 0.000000 0.000000 1.000000
0.999538 -0.027879 -0.012129 -0.000000 0.023933 0.967532 -0.251611 11.006600 0.018750 0.251205 0.967752 0.107900 0.000000 0.000000 0.000000 1.000000
0.999364 -0.032359 -0.014951 0.000000 0.027902 0.971142 -0.236863 11.006600 0.022184 0.236295 0.971428 0.107900 0.000000 0.000000 0.000000 1.000000
0.999072 -0.039401 -0.017370 0.000000 0.034618 0.974844 -0.220184 11.006600 0.025608 0.219379 0.975304 0.107900 0.000000 0.000000 0.000000 1.000000
0.998661 -0.048006 -0.019269 0.000000 0.043119 0.978313 -0.202596 11.006600 0.028577 0.201494 0.979073 0.107900 0.000000 0.000000 0.000000 1.000000
0.998207 -0.056197 -0.020583 0.000000 0.051449 0.981472 -0.184566 11.006600 0.030574 0.183177 0.982604 0.107900 0.000000 0.000000 0.000000 1.000000
0.997759 -0.063474 -0.021156 0.000000 0.059054 0.984105 -0.167483 11.006600 0.031450 0.165858 0.985648 0.107900 0.000000 0.000000 0.000000 1.000000
0.997516 -0.067319 -0.020743 -0.000000 0.063448 0.986559 -0.150583 11.006600 0.030601 0.148893 0.988380 0.107900 0.000000 0.000000 0.000000 1.000000
0.997432 -0.069317 -0.018027 -0.000000 0.066330 0.988941 -0.132653 11.006600 0.027022 0.131117 0.990999 0.107900 0.000000 0.000000 0.000000 1.000000
0.997424 -0.070503 -0.013245 0.000000 0.068534 0.991065 -0.114428 11.006600 0.021194 0.113226 0.993343 0.107900 0.000000 0.000000 0.000000 1.000000
0.997478 -0.070712 -0.006191 0.000000 0.069777 0.992805 -0.097307 11.006600 0.013027 0.096629 0.995235 0.107900 0.000000 0.000000 0.000000 1.000000
0.997636 -0.068649 0.003176 0.000000 0.068670 0.993985 -0.085307 11.006600 0.002700 0.085324 0.996350 0.107900 0.000000 0.000000 0.000000 1.000000
0.997798 -0.064522 0.015334 0.000000 0.065548 0.994631 -0.080079 11.006600 -0.010085 0.080908 0.996671 0.107900 0.000000 0.000000 0.000000 1.000000
0.998288 -0.045485 0.036768 0.000000 0.048717 0.994528 -0.092418 11.006600 -0.032363 0.094051 0.995041 0.107900 0.000000 0.000000 0.000000 1.000000
0.998418 -0.018794 0.052995 0.000000 0.024386 0.993966 -0.106943 11.006600 -0.050666 0.108066 0.992852 0.107900 0.000000 0.000000 0.000000 1.000000
0.996420 0.002629 0.084496 0.000000 0.007082 0.993408 -0.114416 11.006600 -0.084240 0.114605 0.989833 0.107900 0.000000 0.000000 0.000000 1.000000
0.993583 0.011687 0.112497 0.000000 0.001490 0.993208 -0.116344 11.006600 -0.113092 0.115765 0.986817 0.107900 0.000000 0.000000 0.000000 1.000000
0.992115 0.011163 0.124829 0.000000 0.004076 0.992624 -0.121163 11.006600 -0.125261 0.120716 0.984752 0.107900 0.000000 0.000000 0.000000 1.000000
0.991524 0.006956 0.129740 -0.000000 0.009944 0.991574 -0.129158 11.006600 -0.129546 0.129354 0.983100 0.107900 0.000000 0.000000 0.000000 1.000000
0.991279 0.002124 0.131763 0.000000 0.015896 0.990642 -0.135557 11.006600 -0.130817 0.136470 0.981969 0.107900 0.000000 0.000000 0.000000 1.000000
0.990954 -0.002878 0.134173 -0.000000 0.021276 0.990494 -0.135897 11.006600 -0.132507 0.137522 0.981595 0.107900 0.000000 0.000000 0.000000 1.000000
0.990633 -0.009946 0.136192 -0.000000 0.027853 0.991094 -0.130222 11.006600 -0.133684 0.132795 0.982087 0.107900 0.000000 0.000000 0.000000 1.000000
0.990603 -0.019497 0.135368 0.000000 0.036026 0.992029 -0.120750 11.006600 -0.131935 0.124492 0.983410 0.107900 0.000000 0.000000 0.000000 1.000000
0.989414 -0.020628 0.143649 -0.000000 0.035043 0.994514 -0.098557 11.006600 -0.140827 0.102548 0.984709 0.107900 0.000000 0.000000 0.000000 1.000000
0.988097 -0.023323 0.152054 0.000000 0.034582 0.996818 -0.071823 11.006600 -0.149895 0.076226 0.985759 0.107900 0.000000 0.000000 0.000000 1.000000
0.985878 -0.039205 0.162813 0.000000 0.046576 0.998044 -0.041703 11.006600 -0.160859 0.048697 0.985775 0.107900 0.000000 0.000000 0.000000 1.000000
0.983105 -0.074346 0.167264 0.000000 0.071437 0.997172 0.023353 11.006600 -0.168527 -0.011010 0.985635 0.107900 0.000000 0.000000 0.000000 1.000000
0.978445 -0.136788 0.154708 0.000000 0.126228 0.989071 0.076186 11.006600 -0.163439 -0.055015 0.985018 0.107900 0.000000 0.000000 0.000000 1.000000
0.967219 -0.211112 0.141138 -0.000000 0.206512 0.977331 0.046650 11.006600 -0.147788 -0.015974 0.988890 0.107900 0.000000 0.000000 0.000000 1.000000
0.964438 -0.231012 0.128426 0.000000 0.234725 0.971956 -0.014361 11.006600 -0.121507 0.043995 0.991615 0.107900 0.000000 0.000000 0.000000 1.000000
0.954641 -0.256911 0.150523 0.000000 0.252350 0.966395 0.048983 11.006600 -0.158048 -0.008776 0.987392 0.107900 0.000000 0.000000 0.000000 1.000000
0.958222 -0.170347 0.229764 0.000000 0.189942 0.979582 -0.065887 11.006600 -0.213849 0.106776 0.971013 0.107900 0.000000 0.000000 0.000000 1.000000
0.985937 -0.062989 0.154794 0.000000 0.102267 0.959978 -0.260738 11.006600 -0.132176 0.272901 0.952919 0.107900 0.000000 0.000000 0.000000 1.000000
0.999574 0.024008 0.016620 -0.000000 -0.017483 0.947967 -0.317888 11.006600 -0.023387 0.317462 0.947983 0.107900 0.000000 0.000000 0.000000 1.000000
0.996968 0.059442 -0.050216 0.000000 -0.070809 0.960622 -0.268685 11.006600 0.032267 0.271426 0.961918 0.107900 0.000000 0.000000 0.000000 1.000000
0.993327 0.055768 -0.100953 0.000000 -0.078348 0.968636 -0.235810 11.006600 0.084636 0.242146 0.966541 0.107900 0.000000 0.000000 0.000000 1.000000
0.990123 0.048596 -0.131513 0.000000 -0.076129 0.974031 -0.213234 11.006600 0.117735 0.221140 0.968109 0.107900 0.000000 0.000000 0.000000 1.000000
0.988561 0.054389 -0.140672 0.000000 -0.082085 0.976495 -0.199299 11.006600 0.126526 0.208567 0.969789 0.107900 0.000000 0.000000 0.000000 1.000000
0.987304 0.063436 -0.145625 0.000000 -0.091110 0.977148 -0.192044 11.006600 0.130115 0.202873 0.970522 0.107900 0.000000 0.000000 0.000000 1.000000
0.986643 0.065851 -0.148992 -0.000000 -0.093894 0.977318 -0.189827 11.006600 0.133112 0.201281 0.970447 0.107900 0.000000 0.000000 0.000000 1.000000
0.986968 0.069915 -0.144938 0.000000 -0.097083 0.977010 -0.189807 11.006600 0.128335 0.201404 0.971065 0.107900 0.000000 0.000000 0.000000 1.000000
0.988657 0.067596 -0.134118 0.000000 -0.093156 0.976456 -0.194565 11.006600 0.117808 0.204852 0.971677 0.107900 0.000000 0.000000 0.000000 1.000000
0.990949 0.063994 -0.118003 0.000000 -0.086419 0.976789 -0.195996 11.006600 0.102722 0.204420 0.973479 0.107900 0.000000 0.000000 0.000000 1.000000
0.993028 0.060497 -0.101174 0.000000 -0.079509 0.977383 -0.195959 11.006600 0.087031 0.202637 0.975379 0.107900 0.000000 0.000000 0.000000 1.000000
0.994568 0.057834 -0.086547 -0.000000 -0.073916 0.977811 -0.196014 11.006600 0.073290 0.201346 0.976774 0.107900 0.000000 0.000000 0.000000 1.000000
0.995554 0.054167 -0.077054 -0.000000 -0.068406 0.978180 -0.196175 11.006600 0.064747 0.200574 0.977537 0.107900 0.000000 0.000000 0.000000 1.000000
0.997316 0.037103 -0.063124 0.000000 -0.048562 0.980386 -0.191009 11.006600 0.054799 0.193562 0.979556 0.107900 0.000000 0.000000 0.000000 1.000000
0.999091 0.013392 -0.040472 0.000000 -0.020552 0.983077 -0.182038 11.006600 0.037350 0.182704 0.982458 0.107900 0.000000 0.000000 0.000000 1.000000
0.999835 0.004079 -0.017714 0.000000 -0.007103 0.984691 -0.174163 11.006600 0.016732 0.174260 0.984558 0.107900 0.000000 0.000000 0.000000 1.000000
0.999828 -0.017322 0.006625 0.000000 0.018173 0.986329 -0.163784 11.006600 -0.003697 0.163877 0.986474 0.107900 0.000000 0.000000 0.000000 1.000000
0.998610 -0.045453 0.026680 0.000000 0.048916 0.987764 -0.148089 11.006600 -0.019623 0.149188 0.988614 0.107900 0.000000 0.000000 0.000000 1.000000
0.996560 -0.074091 0.037123 0.000000 0.078306 0.988524 -0.129186 11.006600 -0.027126 0.131649 0.990925 0.107900 0.000000 0.000000 0.000000 1.000000
0.995229 -0.094806 0.023059 0.000000 0.096811 0.988930 -0.112449 11.006600 -0.012143 0.114145 0.993390 0.107900 0.000000 0.000000 0.000000 1.000000
0.994046 -0.108806 0.005766 0.000000 0.108849 0.989280 -0.097349 11.006600 0.004888 0.097397 0.995234 0.107900 0.000000 0.000000 0.000000 1.000000
0.992888 -0.119032 -0.002366 0.000000 0.118372 0.989117 -0.087384 11.006600 0.012742 0.086482 0.996172 0.107900 0.000000 0.000000 0.000000 1.000000
0.992060 -0.125509 -0.007977 0.000000 0.124273 0.988071 -0.090945 11.006600 0.019296 0.089232 0.995824 0.107900 0.000000 0.000000 0.000000 1.000000
0.991111 -0.132562 -0.011266 0.000000 0.130698 0.985985 -0.103691 11.006600 0.024853 0.101296 0.994546 0.107900 0.000000 0.000000 0.000000 1.000000
0.990491 -0.137002 -0.012586 -0.000000 0.134693 0.984286 -0.114188 11.006600 0.028032 0.111407 0.993379 0.107900 0.000000 0.000000 0.000000 1.000000
0.990656 -0.135805 -0.012531 0.000000 0.133133 0.982898 -0.127228 11.006600 0.029595 0.124371 0.991794 0.107900 0.000000 0.000000 0.000000 1.000000
0.991318 -0.130942 -0.011958 0.000000 0.127902 0.981384 -0.143272 11.006600 0.030495 0.140499 0.989611 0.107900 0.000000 0.000000 0.000000 1.000000
0.992338 -0.123128 -0.010220 -0.000000 0.119857 0.979445 -0.162238 11.006600 0.029986 0.159770 0.986699 0.107900 0.000000 0.000000 0.000000 1.000000
0.993928 -0.109712 -0.008387 0.000000 0.106333 0.977323 -0.183122 11.006600 0.028288 0.181119 0.983054 0.107900 0.000000 0.000000 0.000000 1.000000
0.995594 -0.093556 -0.006362 0.000000 0.090297 0.974783 -0.204072 11.006600 0.025294 0.202598 0.978935 0.107900 0.000000 0.000000 0.000000 1.000000
0.997002 -0.077253 -0.004253 0.000000 0.074359 0.971933 -0.223198 11.006600 0.021376 0.222212 0.974764 0.107900 0.000000 0.000000 0.000000 1.000000
0.998078 -0.061927 -0.002462 0.000000 0.059537 0.969072 -0.239488 11.006600 0.017216 0.238881 0.970896 0.107900 0.000000 0.000000 0.000000 1.000000
0.998807 -0.048820 -0.000875 -0.000000 0.047013 0.966371 -0.252818 11.006600 0.013188 0.252476 0.967513 0.107900 0.000000 0.000000 0.000000 1.000000
0.999268 -0.038244 0.000610 -0.000000 0.037054 0.963948 -0.263498 11.006600 0.009489 0.263327 0.964660 0.107900 0.000000 0.000000 0.000000 1.000000
0.999560 -0.029606 0.001796 -0.000000 0.028979 0.961878 -0.271938 11.006600 0.006323 0.271870 0.962313 0.107900 0.000000 0.000000 0.000000 1.000000
0.999742 -0.022577 0.002664 -0.000000 0.022426 0.960167 -0.278527 11.006600 0.003731 0.278515 0.960425 0.107900 0.000000 0.000000 0.000000 1.000000
0.999849 -0.017038 0.003299 0.000000 0.017274 0.958792 -0.283582 11.006600 0.001668 0.283597 0.958942 0.107900 0.000000 0.000000 0.000000 1.000000
0.999912 -0.012745 0.003721 -0.000000 0.013277 0.957731 -0.287360 11.006600 0.000099 0.287384 0.957816 0.107900 0.000000 0.000000 0.000000 1.000000
0.999947 -0.009534 0.003961 0.000000 0.010273 0.956953 -0.290061 11.006600 -0.001025 0.290086 0.957000 0.107900 0.000000 0.000000 0.000000 1.000000
0.999965 -0.007324 0.004078 0.000000 0.008196 0.956430 -0.291846 11.006600 -0.001763 0.291869 0.956457 0.107900 0.000000 0.000000 0.000000 1.000000
0.999975 -0.005822 0.004009 0.000000 0.006741 0.956136 -0.292844 11.006600 -0.002129 0.292864 0.956152 0.107900 0.000000 0.000000 0.000000 1.000000
0.999979 -0.005119 0.003862 0.000000 0.006027 0.956045 -0.293158 11.006600 -0.002192 0.293176 0.956056 0.107900 0.000000 0.000000 0.000000 1.000000</float_array>
        <technique_common>
          <accessor source="#mixamorig_Spine-Matrix-animation-output-transform-array" count="81" stride="16">
            <param type="float4x4"/>
          </accessor>
        </technique_common>
      </source>
      <source id="mixamorig_Spine-Interpolations">
        <Name_array id="mixamorig_Spine-Interpolations-array" count="81">
 LINEAR LINEAR LINEAR LINEAR LINEAR LINEAR LINEAR LINEAR LINEAR LINEAR LINEAR
LINEAR LINEAR LINEAR LINEAR LINEAR LINEAR LINEAR LINEAR LINEAR LINEAR LINEAR LINEAR
LINEAR LINEAR LINEAR LINEAR LINEAR LINEAR LINEAR LINEAR LINEAR LINEAR LINEAR LINEAR
LINEAR LINEAR LINEAR LINEAR LINEAR LINEAR LINEAR LINEAR LINEAR LINEAR LINEAR LINEAR
LINEAR LINEAR LINEAR LINEAR LINEAR LINEAR LINEAR LINEAR LINEAR LINEAR LINEAR LINEAR
LINEAR LINEAR LINEAR LINEAR LINEAR LINEAR LINEAR LINEAR LINEAR LINEAR LINEAR LINEAR
LINEAR LINEAR LINEAR LINEAR LINEAR LINEAR LINEAR LINEAR LINEAR LINEAR</Name_array>
        <technique_common>
          <accessor source="#mixamorig_Spine-Interpolations-array" count="81">
            <param type="name"/>
          </accessor>
        </technique_common>
      </source>
      <sampler id="mixamorig_Spine-Matrix-animation-transform">
        <input semantic="INPUT" source="#mixamorig_Spine-Matrix-animation-input"/>
        <input semantic="OUTPUT" source="#mixamorig_Spine-Matrix-animation-output-transform"/>
        <input semantic="INTERPOLATION" source="#mixamorig_Spine-Interpolations"/>
      </sampler>
      <channel source="#mixamorig_Spine-Matrix-animation-transform" target="mixamorig_Spine/matrix"/>
    </animation>
    <animation id="mixamorig_Spine1-anim" name="mixamorig_Spine1">
      <source id="mixamorig_Spine1-Matrix-animation-input">
        <float_array id="mixamorig_Spine1-Matrix-animation-input-array" count="81">

0.000000 0.033333 0.066667 0.100000 0.133333 0.166667 0.200000 0.233333 0.266667 0.300000 0.333333 0.366667 0.400000 0.433333 0.466667 0.500000
0.533333 0.566667 0.600000 0.633333 0.666667 0.700000 0.733333 0.766667 0.800000 0.833333 0.866667 0.900000 0.933333 0.966667 1.000000 1.033333
1.066667 1.100000 1.133333 1.166667 1.200000 1.233333 1.266667 1.300000 1.333333 1.366667 1.400000 1.433333 1.466667 1.500000 1.533333 1.566667
1.600000 1.633333 1.666667 1.700000 1.733333 1.766667 1.800000 1.833333 1.866667 1.900000 1.933333 1.966667 2.000000 2.033333 2.066667 2.100000
2.133333 2.166667 2.200000 2.233333 2.266667 2.300000 2.333333 2.366667 2.400000 2.433333 2.466667 2.500000 2.533333 2.566667 2.600000 2.633333
2.666667</float_array>
        <technique_common>
          <accessor source="#mixamorig_Spine1-Matrix-animation-input-array" count="81">
            <param name="TIME" type="float"/>
          </accessor>
        </technique_common>
      </source>
      <source id="mixamorig_Spine1-Matrix-animation-output-transform">
        <float_array id="mixamorig_Spine1-Matrix-animation-output-transform-array" count="1296">

0.999843 -0.015613 0.008400 -0.000000 0.017562 0.937176 -0.348416 11.269900 -0.002433 0.348508 0.937303 0.000000 0.000000 0.000000 0.000000 1.000000
0.999839 -0.016227 0.007658 0.000000 0.017876 0.937729 -0.346906 11.269900 -0.001552 0.346987 0.937869 0.000000 0.000000 0.000000 0.000000 1.000000
0.999825 -0.017782 0.005768 0.000000 0.018682 0.939168 -0.342949 11.269900 0.000681 0.342997 0.939336 -0.000000 0.000000 0.000000 0.000000 1.000000
0.999797 -0.019891 0.003243 0.000000 0.019819 0.941191 -0.337292 11.269900 0.003657 0.337288 0.941394 0.000000 0.000000 0.000000 0.000000 1.000000
0.999754 -0.022166 0.000594 0.000000 0.021115 0.943508 -0.330675 11.269900 0.006770 0.330606 0.943744 0.000000 0.000000 0.000000 0.000000 1.000000
0.999705 -0.024226 -0.001666 0.000000 0.022381 0.945843 -0.323852 11.269900 0.009421 0.323719 0.946106 -0.000000 0.000000 0.000000 0.000000 1.000000
0.999666 -0.025676 -0.002878 0.000000 0.023442 0.948196 -0.316820 11.269900 0.010864 0.316647 0.948481 0.000000 0.000000 0.000000 0.000000 1.000000
0.999618 -0.027370 -0.003814 -0.000000 0.024874 0.951300 -0.307262 11.269900 0.012038 0.307050 0.951617 -0.000000 0.000000 0.000000 0.000000 1.000000
0.999549 -0.029632 -0.004841 0.000000 0.026877 0.954927 -0.295622 11.269900 0.013382 0.295358 0.955293 0.000000 0.000000 0.000000 0.000000 1.000000
0.999454 -0.032526 -0.005849 0.000000 0.029548 0.958780 -0.282608 11.269900 0.014800 0.282281 0.959218 0.000000 0.000000 0.000000 0.000000 1.000000
0.999326 -0.036009 -0.007095 -0.000000 0.032777 0.962609 -0.268905 11.269900 0.016513 0.268491 0.963141 0.000000 0.000000 0.000000 0.000000 1.000000
0.999186 -0.039451 -0.008391 -0.000000 0.036013 0.966316 -0.254827 11.269900 0.018161 0.254317 0.966950 0.000000 0.000000 0.000000 0.000000 1.000000
0.999035 -0.042761 -0.010079 0.000000 0.039067 0.969636 -0.241410 11.269900 0.020096 0.240784 0.970371 0.000000 0.000000 0.000000 0.000000 1.000000
0.998919 -0.045307 -0.010422 -0.000000 0.041736 0.972698 -0.228293 11.269900 0.020481 0.227611 0.973537 0.000000 0.000000 0.000000 0.000000 1.000000
0.998881 -0.046722 -0.007405 0.000000 0.044046 0.975703 -0.214626 11.269900 0.017253 0.214060 0.976668 0.000000 0.000000 0.000000 0.000000 1.000000
0.998883 -0.047185 -0.002708 0.000000 0.045685 0.978631 -0.200487 11.269900 0.012110 0.200139 0.979693 0.000000 0.000000 0.000000 0.000000 1.000000
0.998911 -0.046448 0.004455 0.000000 0.046460 0.981190 -0.187368 11.269900 0.004331 0.187371 0.982280 0.000000 0.000000 0.000000 0.000000 1.000000
0.998946 -0.044141 0.012558 0.000000 0.045672 0.982988 -0.177903 11.269900 -0.004491 0.178289 0.983968 0.000000 0.000000 0.000000 0.000000 1.000000
0.998954 -0.040395 0.021423 0.000000 0.043502 0.983925 -0.173201 11.269900 -0.014082 0.173951 0.984654 0.000000 0.000000 0.000000 0.000000 1.000000
0.998965 -0.028089 0.035779 -0.000000 0.034117 0.982907 -0.180915 11.269900 -0.030086 0.181948 0.982848 0.000000 0.000000 0.000000 0.000000 1.000000
0.998856 -0.007488 0.047232 0.000000 0.016312 0.981780 -0.189321 11.269900 -0.044953 0.189875 0.980779 -0.000000 0.000000 0.000000 0.000000 1.000000
0.997465 0.013984 0.069776 0.000000 -0.000344 0.981440 -0.191767 11.269900 -0.071162 0.191257 0.978957 0.000000 0.000000 0.000000 0.000000 1.000000
0.995639 0.024790 0.089932 -0.000000 -0.007089 0.981364 -0.192030 11.269900 -0.093016 0.190555 0.977260 0.000000 0.000000 0.000000 0.000000 1.000000
0.994703 0.026533 0.099307 0.000000 -0.006562 0.980532 -0.196250 11.269900 -0.102581 0.194559 0.975512 0.000000 0.000000 0.000000 0.000000 1.000000
0.994339 0.025226 0.103213 -0.000000 -0.003734 0.979104 -0.203327 11.269900 -0.106185 0.201790 0.973656 0.000000 0.000000 0.000000 0.000000 1.000000
0.994209 0.023256 0.104914 -0.000000 -0.000858 0.977988 -0.208659 11.269900 -0.107458 0.207360 0.972345 0.000000 0.000000 0.000000 0.000000 1.000000
0.994033 0.021267 0.106986 0.000000 0.001544 0.977968 -0.208748 11.269900 -0.109069 0.207667 0.972100 -0.000000 0.000000 0.000000 0.000000 1.000000
0.993893 0.018654 0.108759 -0.000000 0.003988 0.978891 -0.204342 11.269900 -0.110275 0.203528 0.972839 0.000000 0.000000 0.000000 0.000000 1.000000
0.993967 0.014694 0.108686 0.000000 0.007087 0.980308 -0.197346 11.269900 -0.109446 0.196926 0.974290 0.000000 0.000000 0.000000 0.000000 1.000000
0.992608 0.018553 0.119937 0.000000 0.003161 0.983959 -0.178369 11.269900 -0.121322 0.177429 0.976627 0.000000 0.000000 0.000000 0.000000 1.000000
0.990935 0.018918 0.133000 0.000000 0.001932 0.987926 -0.154912 11.269900 -0.134325 0.153765 0.978935 0.000000 0.000000 0.000000 0.000000 1.000000
0.988840 0.011593 0.148529 -0.000000 0.007819 0.991556 -0.129446 11.269900 -0.148776 0.129162 0.980399 0.000000 0.000000 0.000000 0.000000 1.000000
0.986582 -0.008307 0.163056 -0.000000 0.022874 0.995887 -0.087667 11.269900 -0.161658 0.090220 0.982714 0.000000 0.000000 0.000000 0.000000 1.000000
0.985001 -0.045980 0.166312 0.000000 0.055506 0.997046 -0.053089 11.269900 -0.163379 0.061524 0.984643 0.000000 0.000000 0.000000 0.000000 1.000000
0.982644 -0.090440 0.161959 0.000000 0.102169 0.992602 -0.065601 11.269900 -0.154828 0.081010 0.984614 -0.000000 0.000000 0.000000 0.000000 1.000000
0.987050 -0.092573 0.131009 0.000000 0.106966 0.988439 -0.107455 11.269900 -0.119547 0.120077 0.985540 0.000000 0.000000 0.000000 0.000000 1.000000
0.986343 -0.012819 0.164203 -0.000000 0.030977 0.993613 -0.108504 11.269900 -0.161763 0.112109 0.980441 0.000000 0.000000 0.000000 0.000000 1.000000
0.976309 -0.032948 0.213858 -0.000000 0.060130 0.990723 -0.121872 11.269900 -0.207858 0.131844 0.969233 0.000000 0.000000 0.000000 0.000000 1.000000
0.986782 -0.026028 0.159949 0.000000 0.058952 0.977047 -0.204705 11.269900 -0.150949 0.211428 0.965667 -0.000000 0.000000 0.000000 0.000000 1.000000
0.998913 0.006002 0.046229 0.000000 0.006451 0.964335 -0.264606 11.269900 -0.046168 0.264616 0.963248 0.000000 0.000000 0.000000 0.000000 1.000000
0.999641 0.016272 -0.021292 0.000000 -0.021267 0.965141 -0.260864 11.269900 0.016305 0.261223 0.965141 0.000000 0.000000 0.000000 0.000000 1.000000
0.997863 0.014158 -0.063796 0.000000 -0.030192 0.965689 -0.257940 11.269900 0.057956 0.259315 0.964052 -0.000000 0.000000 0.000000 0.000000 1.000000
0.996330 0.014189 -0.084406 -0.000000 -0.035443 0.966032 -0.255979 11.269900 0.077907 0.258031 0.962990 0.000000 0.000000 0.000000 0.000000 1.000000
0.996225 0.026565 -0.082640 0.000000 -0.046441 0.967423 -0.248868 11.269900 0.073337 0.251766 0.965005 0.000000 0.000000 0.000000 0.000000 1.000000
0.995969 0.037649 -0.081412 0.000000 -0.056696 0.967571 -0.246155 11.269900 0.069505 0.249778 0.965805 -0.000000 0.000000 0.000000 0.000000 1.000000
0.995707 0.039708 -0.083609 -0.000000 -0.059374 0.966980 -0.247840 11.269900 0.071007 0.251740 0.965187 0.000000 0.000000 0.000000 0.000000 1.000000
0.995732 0.044979 -0.080590 -0.000000 -0.063877 0.966130 -0.250024 11.269900 0.066615 0.254104 0.964880 0.000000 0.000000 0.000000 0.000000 1.000000
0.996149 0.046565 -0.074287 -0.000000 -0.064100 0.964885 -0.254731 11.269900 0.059817 0.258512 0.964154 0.000000 0.000000 0.000000 0.000000 1.000000
0.996818 0.046630 -0.064644 0.000000 -0.061811 0.964282 -0.257565 11.269900 0.050325 0.260741 0.964096 -0.000000 0.000000 0.000000 0.000000 1.000000
0.997472 0.045186 -0.054837 0.000000 -0.057955 0.963886 -0.259933 11.269900 0.041111 0.262454 0.964068 -0.000000 0.000000 0.000000 0.000000 1.000000
0.997963 0.043379 -0.046780 0.000000 -0.054170 0.963500 -0.262170 11.269900 0.033700 0.264170 0.963887 -0.000000 0.000000 0.000000 0.000000 1.000000
0.998283 0.040006 -0.042779 0.000000 -0.049911 0.963263 -0.263882 11.269900 0.030651 0.265564 0.963606 -0.000000 0.000000 0.000000 0.000000 1.000000
0.998770 0.029672 -0.039716 0.000000 -0.039030 0.964579 -0.260890 11.269900 0.030568 0.262119 0.964551 0.000000 0.000000 0.000000 0.000000 1.000000
0.999209 0.016851 -0.036011 0.000000 -0.025492 0.966606 -0.254996 11.269900 0.030512 0.255712 0.966271 0.000000 0.000000 0.000000 0.000000 1.000000
